0


******* Matika ALG ********
Error rate Matika: 0.00308774
Succes rate Matika: 0.952791
SR histo Matika: 
[568339, 576963, 579682, 581247, 582861, 584115, 585093, 585846, 586454, 587069, 587599, 588033, 588471, 588860, 589226, 589540, 589859, 590188, 590496, 590775, 591055, 591360, 591650, 591957, 592287, 592650, 593000, 593336, 593698, 594048, 594331, 594579, 594830, 595027, 595169, 595320, 595466, 595566, 595674, 595787, 595886, 595974, 596044, 596115, 596173, 596221, 596255, 596289, 596326, 596360, 596388, 596407, 596428, 596442, 596454, 596468, 596476, 596483, 596486, 596492, 596494, 596498, 596498, 596498, 596499, 596499, 596499, 596499, 596499, 596499, 596499, 596499, 596499, 596499, 596499, 596499, 596499, 596499, 596499, 596499, 596499, 596499, 596499, 596499, 596499, 596499, 596499, 596499, 596499, 596499, 596499, 596499, 596499, 596499, 596499, 596499, 596499, 596499, 596499, 596499, 596499, 596499, 596499, 596499, 596499, 596499, 596499, 596499, 596499, 596499, 596499, 596499, 596499, 596499, 596499, 596499, 596499, 596499, 596499, 596499, 596499, 596499, 596499, 596499, 596499, 596499, 596499, 596499, 596499, 596499, 596499, 596499, 596499, 596499, 596499, 596499, 596499, 596499, 596499, 596499, 596499, 596499, 596499, 596499, 596499, 596499, 596499, 596499, 596499, 596499]


******* LOOKAHEAD ALG w2 ********
Error rate karin: 0.0123158
Succes rate karin: 0.661262
SR histo karin: 
[394442, 394962, 424363, 424754, 545899, 554487, 560537, 565109, 568925, 572062, 574839, 577224, 579255, 581063, 582820, 584449, 586120, 587808, 589650, 591375, 593017, 594265, 595181, 595716, 595989, 596113, 596177, 596227, 596252, 596271, 596301, 596310, 596326, 596339, 596353, 596363, 596368, 596380, 596391, 596400, 596408, 596421, 596428, 596430, 596432, 596433, 596433, 596434, 596438, 596448, 596456, 596463, 596470, 596474, 596480, 596488, 596491, 596494, 596496, 596496, 596496, 596498, 596498, 596498, 596499, 596499, 596499, 596499, 596499, 596499, 596499, 596499, 596499, 596499, 596499, 596499, 596499, 596499, 596499, 596499, 596499, 596499, 596499, 596499, 596499, 596499, 596499, 596499, 596499, 596499, 596499, 596499, 596499, 596499, 596499, 596499, 596499, 596499, 596499, 596499, 596499, 596499, 596499, 596499, 596499, 596499, 596499, 596499, 596499, 596499, 596499, 596499, 596499, 596499, 596499, 596499, 596499, 596499, 596499, 596499, 596499, 596499, 596499, 596499, 596499, 596499, 596499, 596499, 596499, 596499, 596499, 596499, 596499, 596499, 596499, 596499, 596499, 596499, 596499, 596499, 596499, 596499, 596499, 596499, 596499, 596499, 596499, 596499, 596499, 596499]


******* LOOKAHEAD ALG w3 ********
Error rate karin: 0.0122512
Succes rate karin: 0.586568
SR histo karin: 
[349887, 385596, 393595, 399892, 528417, 544716, 560148, 568501, 578739, 586817, 592662, 593640, 593947, 594172, 594425, 594618, 594861, 595069, 595305, 595518, 595695, 595839, 595936, 596013, 596069, 596130, 596175, 596211, 596253, 596278, 596301, 596321, 596337, 596342, 596352, 596361, 596367, 596379, 596387, 596395, 596406, 596418, 596425, 596429, 596432, 596433, 596433, 596434, 596437, 596447, 596453, 596462, 596471, 596475, 596481, 596490, 596493, 596495, 596496, 596496, 596496, 596498, 596498, 596498, 596499, 596499, 596499, 596499, 596499, 596499, 596499, 596499, 596499, 596499, 596499, 596499, 596499, 596499, 596499, 596499, 596499, 596499, 596499, 596499, 596499, 596499, 596499, 596499, 596499, 596499, 596499, 596499, 596499, 596499, 596499, 596499, 596499, 596499, 596499, 596499, 596499, 596499, 596499, 596499, 596499, 596499, 596499, 596499, 596499, 596499, 596499, 596499, 596499, 596499, 596499, 596499, 596499, 596499, 596499, 596499, 596499, 596499, 596499, 596499, 596499, 596499, 596499, 596499, 596499, 596499, 596499, 596499, 596499, 596499, 596499, 596499, 596499, 596499, 596499, 596499, 596499, 596499, 596499, 596499, 596499, 596499, 596499, 596499, 596499, 596499]


******* LOOKAHEAD ALG w4 ********
Error rate karin: 0.0252324
Succes rate karin: 0.422059
SR histo karin: 
[251758, 282010, 295680, 306515, 446237, 468130, 484932, 498292, 510793, 523092, 534812, 543855, 552032, 559077, 565054, 570010, 574170, 577757, 581064, 584043, 586633, 588928, 590895, 592453, 593638, 594630, 595369, 595796, 596067, 596194, 596238, 596275, 596302, 596316, 596332, 596348, 596360, 596370, 596380, 596392, 596402, 596416, 596423, 596424, 596427, 596429, 596430, 596432, 596436, 596445, 596451, 596460, 596467, 596473, 596480, 596488, 596491, 596494, 596495, 596495, 596495, 596497, 596497, 596497, 596498, 596498, 596499, 596499, 596499, 596499, 596499, 596499, 596499, 596499, 596499, 596499, 596499, 596499, 596499, 596499, 596499, 596499, 596499, 596499, 596499, 596499, 596499, 596499, 596499, 596499, 596499, 596499, 596499, 596499, 596499, 596499, 596499, 596499, 596499, 596499, 596499, 596499, 596499, 596499, 596499, 596499, 596499, 596499, 596499, 596499, 596499, 596499, 596499, 596499, 596499, 596499, 596499, 596499, 596499, 596499, 596499, 596499, 596499, 596499, 596499, 596499, 596499, 596499, 596499, 596499, 596499, 596499, 596499, 596499, 596499, 596499, 596499, 596499, 596499, 596499, 596499, 596499, 596499, 596499, 596499, 596499, 596499, 596499, 596499, 596499]


******* DAFNA RON ALG ********
Error rate DR: 0.0397884
Succes rate DR: 0.398249
SR histo DR: 
[237555, 241056, 261004, 264314, 433084, 437359, 450645, 454732, 463606, 468082, 475093, 480100, 486424, 491442, 497368, 502581, 508417, 513944, 520063, 526117, 532715, 539340, 546396, 553767, 561147, 568355, 575174, 581056, 585981, 589819, 592593, 594203, 595122, 595629, 595900, 596029, 596130, 596204, 596249, 596301, 596340, 596364, 596387, 596395, 596403, 596409, 596414, 596419, 596424, 596438, 596447, 596458, 596468, 596472, 596479, 596489, 596492, 596495, 596496, 596496, 596496, 596498, 596498, 596498, 596499, 596499, 596499, 596499, 596499, 596499, 596499, 596499, 596499, 596499, 596499, 596499, 596499, 596499, 596499, 596499, 596499, 596499, 596499, 596499, 596499, 596499, 596499, 596499, 596499, 596499, 596499, 596499, 596499, 596499, 596499, 596499, 596499, 596499, 596499, 596499, 596499, 596499, 596499, 596499, 596499, 596499, 596499, 596499, 596499, 596499, 596499, 596499, 596499, 596499, 596499, 596499, 596499, 596499, 596499, 596499, 596499, 596499, 596499, 596499, 596499, 596499, 596499, 596499, 596499, 596499, 596499, 596499, 596499, 596499, 596499, 596499, 596499, 596499, 596499, 596499, 596499, 596499, 596499, 596499, 596499, 596499, 596499, 596499, 596499, 596499]




Time taken by function: 13095237001 microseconds
