Cluster Size: 75
Prob: 0.01
Actual Prob: 0.01
Num of Tests: 10000
Design len: 200


******* BMA ALG ********
Error rate BMA: 0
Succes rate BMA: 1
SR histo BMA: 
[10000, 10000, 10000, 10000, 10000, 10000, 10000, 10000, 10000, 10000, 10000, 10000, 10000, 10000, 10000, 10000, 10000, 10000, 10000, 10000, 10000, 10000, 10000, 10000, 10000, 10000, 10000, 10000, 10000, 10000, 10000, 10000, 10000, 10000, 10000, 10000, 10000, 10000, 10000, 10000, 10000, 10000, 10000, 10000, 10000, 10000, 10000, 10000, 10000, 10000, 10000, 10000, 10000, 10000, 10000, 10000, 10000, 10000, 10000, 10000, 10000, 10000, 10000, 10000, 10000, 10000, 10000, 10000, 10000, 10000, 10000, 10000, 10000, 10000, 10000, 10000, 10000, 10000, 10000, 10000, 10000, 10000, 10000, 10000, 10000, 10000, 10000, 10000, 10000, 10000, 10000, 10000, 10000, 10000, 10000, 10000, 10000, 10000, 10000, 10000, 10000, 10000, 10000, 10000, 10000, 10000, 10000, 10000, 10000, 10000, 10000, 10000, 10000, 10000, 10000, 10000, 10000, 10000, 10000, 10000, 10000, 10000, 10000, 10000, 10000, 10000, 10000, 10000, 10000, 10000, 10000, 10000, 10000, 10000, 10000, 10000, 10000, 10000, 10000, 10000, 10000, 10000, 10000, 10000, 10000, 10000, 10000, 10000, 10000, 10000, 10000, 10000, 10000, 10000, 10000, 10000, 10000, 10000, 10000, 10000, 10000, 10000, 10000, 10000, 10000, 10000, 10000, 10000, 10000, 10000, 10000, 10000, 10000, 10000, 10000, 10000, 10000, 10000, 10000, 10000, 10000, 10000, 10000, 10000, 10000, 10000, 10000, 10000, 10000, 10000, 10000, 10000, 10000, 10000, 10000, 10000, 10000, 10000, 10000, 10000]


Cluster Size: 75
Prob: 0.02
Actual Prob: 0.02
Num of Tests: 10000
Design len: 200


******* BMA ALG ********
Error rate BMA: 0
Succes rate BMA: 1
SR histo BMA: 
[10000, 10000, 10000, 10000, 10000, 10000, 10000, 10000, 10000, 10000, 10000, 10000, 10000, 10000, 10000, 10000, 10000, 10000, 10000, 10000, 10000, 10000, 10000, 10000, 10000, 10000, 10000, 10000, 10000, 10000, 10000, 10000, 10000, 10000, 10000, 10000, 10000, 10000, 10000, 10000, 10000, 10000, 10000, 10000, 10000, 10000, 10000, 10000, 10000, 10000, 10000, 10000, 10000, 10000, 10000, 10000, 10000, 10000, 10000, 10000, 10000, 10000, 10000, 10000, 10000, 10000, 10000, 10000, 10000, 10000, 10000, 10000, 10000, 10000, 10000, 10000, 10000, 10000, 10000, 10000, 10000, 10000, 10000, 10000, 10000, 10000, 10000, 10000, 10000, 10000, 10000, 10000, 10000, 10000, 10000, 10000, 10000, 10000, 10000, 10000, 10000, 10000, 10000, 10000, 10000, 10000, 10000, 10000, 10000, 10000, 10000, 10000, 10000, 10000, 10000, 10000, 10000, 10000, 10000, 10000, 10000, 10000, 10000, 10000, 10000, 10000, 10000, 10000, 10000, 10000, 10000, 10000, 10000, 10000, 10000, 10000, 10000, 10000, 10000, 10000, 10000, 10000, 10000, 10000, 10000, 10000, 10000, 10000, 10000, 10000, 10000, 10000, 10000, 10000, 10000, 10000, 10000, 10000, 10000, 10000, 10000, 10000, 10000, 10000, 10000, 10000, 10000, 10000, 10000, 10000, 10000, 10000, 10000, 10000, 10000, 10000, 10000, 10000, 10000, 10000, 10000, 10000, 10000, 10000, 10000, 10000, 10000, 10000, 10000, 10000, 10000, 10000, 10000, 10000, 10000, 10000, 10000, 10000, 10000, 10000]


Cluster Size: 75
Prob: 0.03
Actual Prob: 0.03
Num of Tests: 10000
Design len: 200


******* BMA ALG ********
Error rate BMA: 0
Succes rate BMA: 1
SR histo BMA: 
[10000, 10000, 10000, 10000, 10000, 10000, 10000, 10000, 10000, 10000, 10000, 10000, 10000, 10000, 10000, 10000, 10000, 10000, 10000, 10000, 10000, 10000, 10000, 10000, 10000, 10000, 10000, 10000, 10000, 10000, 10000, 10000, 10000, 10000, 10000, 10000, 10000, 10000, 10000, 10000, 10000, 10000, 10000, 10000, 10000, 10000, 10000, 10000, 10000, 10000, 10000, 10000, 10000, 10000, 10000, 10000, 10000, 10000, 10000, 10000, 10000, 10000, 10000, 10000, 10000, 10000, 10000, 10000, 10000, 10000, 10000, 10000, 10000, 10000, 10000, 10000, 10000, 10000, 10000, 10000, 10000, 10000, 10000, 10000, 10000, 10000, 10000, 10000, 10000, 10000, 10000, 10000, 10000, 10000, 10000, 10000, 10000, 10000, 10000, 10000, 10000, 10000, 10000, 10000, 10000, 10000, 10000, 10000, 10000, 10000, 10000, 10000, 10000, 10000, 10000, 10000, 10000, 10000, 10000, 10000, 10000, 10000, 10000, 10000, 10000, 10000, 10000, 10000, 10000, 10000, 10000, 10000, 10000, 10000, 10000, 10000, 10000, 10000, 10000, 10000, 10000, 10000, 10000, 10000, 10000, 10000, 10000, 10000, 10000, 10000, 10000, 10000, 10000, 10000, 10000, 10000, 10000, 10000, 10000, 10000, 10000, 10000, 10000, 10000, 10000, 10000, 10000, 10000, 10000, 10000, 10000, 10000, 10000, 10000, 10000, 10000, 10000, 10000, 10000, 10000, 10000, 10000, 10000, 10000, 10000, 10000, 10000, 10000, 10000, 10000, 10000, 10000, 10000, 10000, 10000, 10000, 10000, 10000, 10000, 10000]


Cluster Size: 75
Prob: 0.04
Actual Prob: 0.04
Num of Tests: 10000
Design len: 200


******* BMA ALG ********
Error rate BMA: 0
Succes rate BMA: 1
SR histo BMA: 
[10000, 10000, 10000, 10000, 10000, 10000, 10000, 10000, 10000, 10000, 10000, 10000, 10000, 10000, 10000, 10000, 10000, 10000, 10000, 10000, 10000, 10000, 10000, 10000, 10000, 10000, 10000, 10000, 10000, 10000, 10000, 10000, 10000, 10000, 10000, 10000, 10000, 10000, 10000, 10000, 10000, 10000, 10000, 10000, 10000, 10000, 10000, 10000, 10000, 10000, 10000, 10000, 10000, 10000, 10000, 10000, 10000, 10000, 10000, 10000, 10000, 10000, 10000, 10000, 10000, 10000, 10000, 10000, 10000, 10000, 10000, 10000, 10000, 10000, 10000, 10000, 10000, 10000, 10000, 10000, 10000, 10000, 10000, 10000, 10000, 10000, 10000, 10000, 10000, 10000, 10000, 10000, 10000, 10000, 10000, 10000, 10000, 10000, 10000, 10000, 10000, 10000, 10000, 10000, 10000, 10000, 10000, 10000, 10000, 10000, 10000, 10000, 10000, 10000, 10000, 10000, 10000, 10000, 10000, 10000, 10000, 10000, 10000, 10000, 10000, 10000, 10000, 10000, 10000, 10000, 10000, 10000, 10000, 10000, 10000, 10000, 10000, 10000, 10000, 10000, 10000, 10000, 10000, 10000, 10000, 10000, 10000, 10000, 10000, 10000, 10000, 10000, 10000, 10000, 10000, 10000, 10000, 10000, 10000, 10000, 10000, 10000, 10000, 10000, 10000, 10000, 10000, 10000, 10000, 10000, 10000, 10000, 10000, 10000, 10000, 10000, 10000, 10000, 10000, 10000, 10000, 10000, 10000, 10000, 10000, 10000, 10000, 10000, 10000, 10000, 10000, 10000, 10000, 10000, 10000, 10000, 10000, 10000, 10000, 10000]


Cluster Size: 75
Prob: 0.05
Actual Prob: 0.05
Num of Tests: 10000
Design len: 200


******* BMA ALG ********
Error rate BMA: 2e-06
Succes rate BMA: 0.9999
SR histo BMA: 
[9999, 9999, 9999, 9999, 10000, 10000, 10000, 10000, 10000, 10000, 10000, 10000, 10000, 10000, 10000, 10000, 10000, 10000, 10000, 10000, 10000, 10000, 10000, 10000, 10000, 10000, 10000, 10000, 10000, 10000, 10000, 10000, 10000, 10000, 10000, 10000, 10000, 10000, 10000, 10000, 10000, 10000, 10000, 10000, 10000, 10000, 10000, 10000, 10000, 10000, 10000, 10000, 10000, 10000, 10000, 10000, 10000, 10000, 10000, 10000, 10000, 10000, 10000, 10000, 10000, 10000, 10000, 10000, 10000, 10000, 10000, 10000, 10000, 10000, 10000, 10000, 10000, 10000, 10000, 10000, 10000, 10000, 10000, 10000, 10000, 10000, 10000, 10000, 10000, 10000, 10000, 10000, 10000, 10000, 10000, 10000, 10000, 10000, 10000, 10000, 10000, 10000, 10000, 10000, 10000, 10000, 10000, 10000, 10000, 10000, 10000, 10000, 10000, 10000, 10000, 10000, 10000, 10000, 10000, 10000, 10000, 10000, 10000, 10000, 10000, 10000, 10000, 10000, 10000, 10000, 10000, 10000, 10000, 10000, 10000, 10000, 10000, 10000, 10000, 10000, 10000, 10000, 10000, 10000, 10000, 10000, 10000, 10000, 10000, 10000, 10000, 10000, 10000, 10000, 10000, 10000, 10000, 10000, 10000, 10000, 10000, 10000, 10000, 10000, 10000, 10000, 10000, 10000, 10000, 10000, 10000, 10000, 10000, 10000, 10000, 10000, 10000, 10000, 10000, 10000, 10000, 10000, 10000, 10000, 10000, 10000, 10000, 10000, 10000, 10000, 10000, 10000, 10000, 10000, 10000, 10000, 10000, 10000, 10000, 10000]


Cluster Size: 75
Prob: 0.06
Actual Prob: 0.06
Num of Tests: 10000
Design len: 200


******* BMA ALG ********
Error rate BMA: 3.4e-05
Succes rate BMA: 0.9993
SR histo BMA: 
[9993, 9993, 9995, 9995, 9995, 9995, 9997, 9997, 9997, 9997, 9998, 9998, 9998, 9998, 9998, 9998, 9999, 9999, 9999, 9999, 9999, 9999, 9999, 9999, 9999, 9999, 10000, 10000, 10000, 10000, 10000, 10000, 10000, 10000, 10000, 10000, 10000, 10000, 10000, 10000, 10000, 10000, 10000, 10000, 10000, 10000, 10000, 10000, 10000, 10000, 10000, 10000, 10000, 10000, 10000, 10000, 10000, 10000, 10000, 10000, 10000, 10000, 10000, 10000, 10000, 10000, 10000, 10000, 10000, 10000, 10000, 10000, 10000, 10000, 10000, 10000, 10000, 10000, 10000, 10000, 10000, 10000, 10000, 10000, 10000, 10000, 10000, 10000, 10000, 10000, 10000, 10000, 10000, 10000, 10000, 10000, 10000, 10000, 10000, 10000, 10000, 10000, 10000, 10000, 10000, 10000, 10000, 10000, 10000, 10000, 10000, 10000, 10000, 10000, 10000, 10000, 10000, 10000, 10000, 10000, 10000, 10000, 10000, 10000, 10000, 10000, 10000, 10000, 10000, 10000, 10000, 10000, 10000, 10000, 10000, 10000, 10000, 10000, 10000, 10000, 10000, 10000, 10000, 10000, 10000, 10000, 10000, 10000, 10000, 10000, 10000, 10000, 10000, 10000, 10000, 10000, 10000, 10000, 10000, 10000, 10000, 10000, 10000, 10000, 10000, 10000, 10000, 10000, 10000, 10000, 10000, 10000, 10000, 10000, 10000, 10000, 10000, 10000, 10000, 10000, 10000, 10000, 10000, 10000, 10000, 10000, 10000, 10000, 10000, 10000, 10000, 10000, 10000, 10000, 10000, 10000, 10000, 10000, 10000, 10000]


Cluster Size: 75
Prob: 0.07
Actual Prob: 0.07
Num of Tests: 10000
Design len: 200


******* BMA ALG ********
Error rate BMA: 7.65e-05
Succes rate BMA: 0.9981
SR histo BMA: 
[9981, 9981, 9987, 9987, 9990, 9991, 9992, 9992, 9993, 9994, 9995, 9996, 9997, 9997, 9997, 9997, 9997, 9997, 9998, 9998, 9998, 9998, 9998, 9998, 9999, 9999, 10000, 10000, 10000, 10000, 10000, 10000, 10000, 10000, 10000, 10000, 10000, 10000, 10000, 10000, 10000, 10000, 10000, 10000, 10000, 10000, 10000, 10000, 10000, 10000, 10000, 10000, 10000, 10000, 10000, 10000, 10000, 10000, 10000, 10000, 10000, 10000, 10000, 10000, 10000, 10000, 10000, 10000, 10000, 10000, 10000, 10000, 10000, 10000, 10000, 10000, 10000, 10000, 10000, 10000, 10000, 10000, 10000, 10000, 10000, 10000, 10000, 10000, 10000, 10000, 10000, 10000, 10000, 10000, 10000, 10000, 10000, 10000, 10000, 10000, 10000, 10000, 10000, 10000, 10000, 10000, 10000, 10000, 10000, 10000, 10000, 10000, 10000, 10000, 10000, 10000, 10000, 10000, 10000, 10000, 10000, 10000, 10000, 10000, 10000, 10000, 10000, 10000, 10000, 10000, 10000, 10000, 10000, 10000, 10000, 10000, 10000, 10000, 10000, 10000, 10000, 10000, 10000, 10000, 10000, 10000, 10000, 10000, 10000, 10000, 10000, 10000, 10000, 10000, 10000, 10000, 10000, 10000, 10000, 10000, 10000, 10000, 10000, 10000, 10000, 10000, 10000, 10000, 10000, 10000, 10000, 10000, 10000, 10000, 10000, 10000, 10000, 10000, 10000, 10000, 10000, 10000, 10000, 10000, 10000, 10000, 10000, 10000, 10000, 10000, 10000, 10000, 10000, 10000, 10000, 10000, 10000, 10000, 10000, 10000]


Cluster Size: 75
Prob: 0.08
Actual Prob: 0.08
Num of Tests: 10000
Design len: 200


******* BMA ALG ********
Error rate BMA: 0.000579
Succes rate BMA: 0.9923
SR histo BMA: 
[9923, 9923, 9942, 9944, 9949, 9950, 9955, 9957, 9961, 9961, 9966, 9966, 9970, 9970, 9972, 9972, 9973, 9975, 9977, 9978, 9982, 9983, 9984, 9986, 9987, 9987, 9989, 9989, 9989, 9989, 9990, 9990, 9990, 9990, 9992, 9992, 9992, 9992, 9993, 9994, 9994, 9994, 9995, 9995, 9995, 9995, 9995, 9995, 9995, 9995, 9995, 9995, 9995, 9995, 9995, 9996, 9996, 9996, 9997, 9997, 9997, 9997, 9997, 9997, 9997, 9997, 9998, 9998, 9998, 9998, 9999, 10000, 10000, 10000, 10000, 10000, 10000, 10000, 10000, 10000, 10000, 10000, 10000, 10000, 10000, 10000, 10000, 10000, 10000, 10000, 10000, 10000, 10000, 10000, 10000, 10000, 10000, 10000, 10000, 10000, 10000, 10000, 10000, 10000, 10000, 10000, 10000, 10000, 10000, 10000, 10000, 10000, 10000, 10000, 10000, 10000, 10000, 10000, 10000, 10000, 10000, 10000, 10000, 10000, 10000, 10000, 10000, 10000, 10000, 10000, 10000, 10000, 10000, 10000, 10000, 10000, 10000, 10000, 10000, 10000, 10000, 10000, 10000, 10000, 10000, 10000, 10000, 10000, 10000, 10000, 10000, 10000, 10000, 10000, 10000, 10000, 10000, 10000, 10000, 10000, 10000, 10000, 10000, 10000, 10000, 10000, 10000, 10000, 10000, 10000, 10000, 10000, 10000, 10000, 10000, 10000, 10000, 10000, 10000, 10000, 10000, 10000, 10000, 10000, 10000, 10000, 10000, 10000, 10000, 10000, 10000, 10000, 10000, 10000, 10000, 10000, 10000, 10000, 10000, 10000]


Cluster Size: 75
Prob: 0.09
Actual Prob: 0.09
Num of Tests: 10000
Design len: 200


******* BMA ALG ********
Error rate BMA: 0.0019575
Succes rate BMA: 0.976
SR histo BMA: 
[9760, 9760, 9812, 9815, 9829, 9833, 9856, 9863, 9879, 9883, 9897, 9897, 9905, 9906, 9912, 9913, 9915, 9915, 9922, 9924, 9930, 9933, 9937, 9941, 9945, 9949, 9952, 9953, 9958, 9959, 9961, 9962, 9963, 9965, 9968, 9969, 9974, 9975, 9975, 9976, 9976, 9976, 9978, 9978, 9978, 9979, 9981, 9982, 9983, 9983, 9984, 9984, 9985, 9986, 9987, 9987, 9988, 9988, 9988, 9988, 9988, 9988, 9991, 9993, 9994, 9994, 9995, 9995, 9995, 9996, 9996, 9996, 9996, 9996, 9996, 9997, 9997, 9998, 9998, 9998, 9998, 9998, 9999, 9999, 9999, 9999, 9999, 9999, 9999, 9999, 10000, 10000, 10000, 10000, 10000, 10000, 10000, 10000, 10000, 10000, 10000, 10000, 10000, 10000, 10000, 10000, 10000, 10000, 10000, 10000, 10000, 10000, 10000, 10000, 10000, 10000, 10000, 10000, 10000, 10000, 10000, 10000, 10000, 10000, 10000, 10000, 10000, 10000, 10000, 10000, 10000, 10000, 10000, 10000, 10000, 10000, 10000, 10000, 10000, 10000, 10000, 10000, 10000, 10000, 10000, 10000, 10000, 10000, 10000, 10000, 10000, 10000, 10000, 10000, 10000, 10000, 10000, 10000, 10000, 10000, 10000, 10000, 10000, 10000, 10000, 10000, 10000, 10000, 10000, 10000, 10000, 10000, 10000, 10000, 10000, 10000, 10000, 10000, 10000, 10000, 10000, 10000, 10000, 10000, 10000, 10000, 10000, 10000, 10000, 10000, 10000, 10000, 10000, 10000, 10000, 10000, 10000, 10000, 10000, 10000]


Cluster Size: 75
Prob: 0.1
Actual Prob: 0.1
Num of Tests: 10000
Design len: 200


******* BMA ALG ********
Error rate BMA: 0.004978
Succes rate BMA: 0.9431
SR histo BMA: 
[9431, 9431, 9538, 9543, 9598, 9602, 9639, 9645, 9691, 9696, 9726, 9730, 9750, 9754, 9781, 9785, 9800, 9806, 9815, 9824, 9834, 9838, 9849, 9856, 9860, 9864, 9869, 9873, 9878, 9879, 9887, 9887, 9891, 9895, 9901, 9909, 9918, 9919, 9924, 9924, 9927, 9929, 9932, 9936, 9939, 9943, 9948, 9952, 9955, 9958, 9960, 9961, 9963, 9965, 9965, 9968, 9968, 9970, 9971, 9971, 9973, 9976, 9978, 9978, 9979, 9980, 9983, 9985, 9988, 9989, 9991, 9991, 9991, 9993, 9994, 9994, 9995, 9996, 9996, 9996, 9997, 9997, 9997, 9997, 9997, 9998, 9999, 9999, 9999, 9999, 9999, 9999, 10000, 10000, 10000, 10000, 10000, 10000, 10000, 10000, 10000, 10000, 10000, 10000, 10000, 10000, 10000, 10000, 10000, 10000, 10000, 10000, 10000, 10000, 10000, 10000, 10000, 10000, 10000, 10000, 10000, 10000, 10000, 10000, 10000, 10000, 10000, 10000, 10000, 10000, 10000, 10000, 10000, 10000, 10000, 10000, 10000, 10000, 10000, 10000, 10000, 10000, 10000, 10000, 10000, 10000, 10000, 10000, 10000, 10000, 10000, 10000, 10000, 10000, 10000, 10000, 10000, 10000, 10000, 10000, 10000, 10000, 10000, 10000, 10000, 10000, 10000, 10000, 10000, 10000, 10000, 10000, 10000, 10000, 10000, 10000, 10000, 10000, 10000, 10000, 10000, 10000, 10000, 10000, 10000, 10000, 10000, 10000, 10000, 10000, 10000, 10000, 10000, 10000, 10000, 10000, 10000, 10000, 10000, 10000]


Cluster Size: 75
Prob: 0.11
Actual Prob: 0.11
Num of Tests: 10000
Design len: 200


******* BMA ALG ********
Error rate BMA: 0.011238
Succes rate BMA: 0.8927
SR histo BMA: 
[8927, 8927, 9118, 9132, 9222, 9235, 9310, 9325, 9394, 9407, 9456, 9463, 9503, 9509, 9538, 9546, 9576, 9585, 9602, 9612, 9624, 9630, 9641, 9646, 9659, 9667, 9683, 9691, 9700, 9706, 9719, 9723, 9734, 9738, 9748, 9754, 9762, 9765, 9775, 9781, 9797, 9802, 9805, 9810, 9820, 9827, 9835, 9844, 9847, 9856, 9864, 9868, 9874, 9879, 9888, 9891, 9892, 9899, 9901, 9905, 9911, 9915, 9920, 9923, 9926, 9929, 9930, 9936, 9939, 9945, 9951, 9954, 9960, 9964, 9967, 9970, 9975, 9979, 9980, 9983, 9987, 9991, 9991, 9993, 9994, 9994, 9995, 9997, 9997, 9997, 9998, 9998, 9999, 9999, 10000, 10000, 10000, 10000, 10000, 10000, 10000, 10000, 10000, 10000, 10000, 10000, 10000, 10000, 10000, 10000, 10000, 10000, 10000, 10000, 10000, 10000, 10000, 10000, 10000, 10000, 10000, 10000, 10000, 10000, 10000, 10000, 10000, 10000, 10000, 10000, 10000, 10000, 10000, 10000, 10000, 10000, 10000, 10000, 10000, 10000, 10000, 10000, 10000, 10000, 10000, 10000, 10000, 10000, 10000, 10000, 10000, 10000, 10000, 10000, 10000, 10000, 10000, 10000, 10000, 10000, 10000, 10000, 10000, 10000, 10000, 10000, 10000, 10000, 10000, 10000, 10000, 10000, 10000, 10000, 10000, 10000, 10000, 10000, 10000, 10000, 10000, 10000, 10000, 10000, 10000, 10000, 10000, 10000, 10000, 10000, 10000, 10000, 10000, 10000, 10000, 10000, 10000, 10000, 10000, 10000]


Cluster Size: 75
Prob: 0.12
Actual Prob: 0.12
Num of Tests: 10000
Design len: 200


******* BMA ALG ********
Error rate BMA: 0.022518
Succes rate BMA: 0.8088
SR histo BMA: 
[8088, 8088, 8407, 8427, 8581, 8603, 8711, 8729, 8828, 8838, 8923, 8942, 9003, 9018, 9062, 9079, 9114, 9128, 9161, 9176, 9214, 9236, 9262, 9279, 9312, 9327, 9344, 9361, 9380, 9389, 9411, 9432, 9440, 9457, 9483, 9495, 9508, 9525, 9542, 9553, 9565, 9571, 9583, 9595, 9615, 9627, 9634, 9645, 9663, 9672, 9683, 9698, 9708, 9719, 9730, 9738, 9750, 9765, 9776, 9794, 9807, 9818, 9829, 9837, 9848, 9860, 9872, 9882, 9885, 9895, 9904, 9910, 9914, 9921, 9927, 9931, 9935, 9940, 9947, 9955, 9960, 9968, 9970, 9972, 9977, 9981, 9984, 9989, 9991, 9991, 9995, 9995, 9996, 9996, 9998, 9999, 9999, 9999, 10000, 10000, 10000, 10000, 10000, 10000, 10000, 10000, 10000, 10000, 10000, 10000, 10000, 10000, 10000, 10000, 10000, 10000, 10000, 10000, 10000, 10000, 10000, 10000, 10000, 10000, 10000, 10000, 10000, 10000, 10000, 10000, 10000, 10000, 10000, 10000, 10000, 10000, 10000, 10000, 10000, 10000, 10000, 10000, 10000, 10000, 10000, 10000, 10000, 10000, 10000, 10000, 10000, 10000, 10000, 10000, 10000, 10000, 10000, 10000, 10000, 10000, 10000, 10000, 10000, 10000, 10000, 10000, 10000, 10000, 10000, 10000, 10000, 10000, 10000, 10000, 10000, 10000, 10000, 10000, 10000, 10000, 10000, 10000, 10000, 10000, 10000, 10000, 10000, 10000, 10000, 10000, 10000, 10000, 10000, 10000, 10000, 10000, 10000, 10000, 10000, 10000]


Cluster Size: 75
Prob: 0.13
Actual Prob: 0.13
Num of Tests: 10000
Design len: 200


******* BMA ALG ********
Error rate BMA: 0.0399155
Succes rate BMA: 0.6975
SR histo BMA: 
[6975, 6975, 7424, 7458, 7662, 7704, 7874, 7907, 8028, 8061, 8147, 8172, 8259, 8280, 8339, 8367, 8426, 8466, 8509, 8532, 8576, 8610, 8637, 8663, 8716, 8741, 8778, 8805, 8846, 8878, 8910, 8944, 8966, 8991, 9027, 9053, 9088, 9116, 9147, 9160, 9180, 9204, 9224, 9243, 9268, 9292, 9310, 9339, 9361, 9385, 9404, 9424, 9453, 9470, 9493, 9515, 9537, 9560, 9580, 9603, 9625, 9641, 9662, 9682, 9699, 9717, 9735, 9750, 9764, 9777, 9794, 9808, 9820, 9838, 9849, 9861, 9874, 9889, 9901, 9913, 9919, 9934, 9941, 9954, 9959, 9963, 9968, 9972, 9980, 9984, 9985, 9987, 9990, 9993, 9994, 9994, 9995, 9997, 9999, 10000, 10000, 10000, 10000, 10000, 10000, 10000, 10000, 10000, 10000, 10000, 10000, 10000, 10000, 10000, 10000, 10000, 10000, 10000, 10000, 10000, 10000, 10000, 10000, 10000, 10000, 10000, 10000, 10000, 10000, 10000, 10000, 10000, 10000, 10000, 10000, 10000, 10000, 10000, 10000, 10000, 10000, 10000, 10000, 10000, 10000, 10000, 10000, 10000, 10000, 10000, 10000, 10000, 10000, 10000, 10000, 10000, 10000, 10000, 10000, 10000, 10000, 10000, 10000, 10000, 10000, 10000, 10000, 10000, 10000, 10000, 10000, 10000, 10000, 10000, 10000, 10000, 10000, 10000, 10000, 10000, 10000, 10000, 10000, 10000, 10000, 10000, 10000, 10000, 10000, 10000, 10000, 10000, 10000, 10000, 10000, 10000, 10000, 10000, 10000, 10000]


Cluster Size: 75
Prob: 0.14
Actual Prob: 0.14
Num of Tests: 10000
Design len: 200


******* BMA ALG ********
Error rate BMA: 0.065978
Succes rate BMA: 0.5623
SR histo BMA: 
[5623, 5623, 6196, 6231, 6499, 6551, 6747, 6785, 6932, 6964, 7106, 7150, 7251, 7284, 7377, 7418, 7479, 7526, 7587, 7620, 7680, 7705, 7761, 7801, 7857, 7898, 7940, 7980, 8037, 8073, 8115, 8158, 8206, 8239, 8285, 8323, 8374, 8413, 8463, 8501, 8550, 8598, 8633, 8669, 8708, 8742, 8766, 8799, 8825, 8855, 8906, 8942, 8970, 9013, 9062, 9100, 9136, 9172, 9213, 9251, 9295, 9327, 9357, 9388, 9407, 9440, 9474, 9508, 9547, 9572, 9608, 9645, 9662, 9692, 9706, 9724, 9742, 9770, 9792, 9812, 9834, 9849, 9866, 9882, 9900, 9921, 9934, 9946, 9949, 9957, 9966, 9970, 9980, 9985, 9992, 9994, 9994, 9994, 9996, 9999, 10000, 10000, 10000, 10000, 10000, 10000, 10000, 10000, 10000, 10000, 10000, 10000, 10000, 10000, 10000, 10000, 10000, 10000, 10000, 10000, 10000, 10000, 10000, 10000, 10000, 10000, 10000, 10000, 10000, 10000, 10000, 10000, 10000, 10000, 10000, 10000, 10000, 10000, 10000, 10000, 10000, 10000, 10000, 10000, 10000, 10000, 10000, 10000, 10000, 10000, 10000, 10000, 10000, 10000, 10000, 10000, 10000, 10000, 10000, 10000, 10000, 10000, 10000, 10000, 10000, 10000, 10000, 10000, 10000, 10000, 10000, 10000, 10000, 10000, 10000, 10000, 10000, 10000, 10000, 10000, 10000, 10000, 10000, 10000, 10000, 10000, 10000, 10000, 10000, 10000, 10000, 10000, 10000, 10000, 10000, 10000, 10000, 10000, 10000, 10000]


Cluster Size: 75
Prob: 0.15
Actual Prob: 0.15
Num of Tests: 10000
Design len: 200


******* BMA ALG ********
Error rate BMA: 0.096673
Succes rate BMA: 0.433
SR histo BMA: 
[4330, 4330, 4937, 4977, 5252, 5291, 5504, 5552, 5737, 5801, 5905, 5956, 6067, 6117, 6218, 6278, 6364, 6417, 6491, 6549, 6612, 6673, 6735, 6794, 6852, 6911, 6962, 7013, 7070, 7131, 7196, 7252, 7311, 7370, 7427, 7485, 7551, 7609, 7664, 7726, 7789, 7840, 7917, 7971, 8015, 8078, 8130, 8176, 8214, 8263, 8325, 8377, 8445, 8490, 8546, 8594, 8632, 8676, 8728, 8777, 8822, 8867, 8908, 8956, 9002, 9059, 9103, 9152, 9194, 9243, 9291, 9327, 9371, 9414, 9465, 9519, 9560, 9602, 9646, 9679, 9708, 9740, 9772, 9798, 9829, 9851, 9868, 9894, 9913, 9929, 9941, 9954, 9963, 9974, 9982, 9987, 9990, 9993, 9996, 9997, 9998, 9998, 9999, 10000, 10000, 10000, 10000, 10000, 10000, 10000, 10000, 10000, 10000, 10000, 10000, 10000, 10000, 10000, 10000, 10000, 10000, 10000, 10000, 10000, 10000, 10000, 10000, 10000, 10000, 10000, 10000, 10000, 10000, 10000, 10000, 10000, 10000, 10000, 10000, 10000, 10000, 10000, 10000, 10000, 10000, 10000, 10000, 10000, 10000, 10000, 10000, 10000, 10000, 10000, 10000, 10000, 10000, 10000, 10000, 10000, 10000, 10000, 10000, 10000, 10000, 10000, 10000, 10000, 10000, 10000, 10000, 10000, 10000, 10000, 10000, 10000, 10000, 10000, 10000, 10000, 10000, 10000, 10000, 10000, 10000, 10000, 10000, 10000, 10000, 10000, 10000, 10000, 10000, 10000, 10000, 10000, 10000, 10000, 10000, 10000]




Time taken by function: 673085041 microseconds
