Cluster Size: 125
Prob: 0.2
Actual Prob: 0.2
Num of Tests: 10000
Design len: 200


******* BMA ALG ********
Error rate BMA: 0.289088
Succes rate BMA: 0.0321
SR histo BMA: 
[321, 321, 471, 486, 580, 590, 660, 680, 739, 761, 809, 845, 887, 919, 957, 988, 1035, 1069, 1113, 1162, 1208, 1249, 1309, 1357, 1410, 1464, 1503, 1559, 1599, 1647, 1702, 1770, 1831, 1896, 1950, 2017, 2094, 2153, 2234, 2292, 2383, 2441, 2527, 2624, 2714, 2809, 2905, 3020, 3125, 3227, 3344, 3447, 3564, 3689, 3817, 3934, 4058, 4180, 4324, 4462, 4596, 4742, 4866, 5003, 5154, 5306, 5461, 5626, 5770, 5953, 6120, 6297, 6462, 6638, 6826, 6993, 7164, 7360, 7534, 7699, 7892, 8064, 8239, 8391, 8554, 8710, 8872, 9006, 9153, 9297, 9432, 9548, 9661, 9747, 9819, 9867, 9911, 9946, 9964, 9978, 9990, 9992, 9994, 9997, 9999, 10000, 10000, 10000, 10000, 10000, 10000, 10000, 10000, 10000, 10000, 10000, 10000, 10000, 10000, 10000, 10000, 10000, 10000, 10000, 10000, 10000, 10000, 10000, 10000, 10000, 10000, 10000, 10000, 10000, 10000, 10000, 10000, 10000, 10000, 10000, 10000, 10000, 10000, 10000, 10000, 10000, 10000, 10000, 10000, 10000, 10000, 10000, 10000, 10000, 10000, 10000, 10000, 10000, 10000, 10000, 10000, 10000, 10000, 10000, 10000, 10000, 10000, 10000, 10000, 10000, 10000, 10000, 10000, 10000, 10000, 10000, 10000, 10000, 10000, 10000, 10000, 10000, 10000, 10000, 10000, 10000, 10000, 10000, 10000, 10000, 10000, 10000, 10000, 10000, 10000, 10000, 10000, 10000, 10000, 10000]


Cluster Size: 125
Prob: 0.25
Actual Prob: 0.25
Num of Tests: 10000
Design len: 200


******* BMA ALG ********
Error rate BMA: 0.39697
Succes rate BMA: 0.0002
SR histo BMA: 
[2, 2, 2, 2, 2, 2, 3, 3, 6, 6, 6, 7, 11, 14, 16, 19, 21, 22, 22, 23, 25, 27, 29, 33, 37, 38, 44, 47, 50, 51, 59, 64, 74, 87, 95, 102, 109, 125, 131, 143, 164, 180, 201, 212, 234, 255, 277, 300, 335, 359, 389, 416, 457, 501, 537, 573, 629, 704, 758, 818, 900, 965, 1048, 1136, 1241, 1375, 1513, 1650, 1789, 1925, 2088, 2228, 2404, 2589, 2793, 3021, 3259, 3510, 3838, 4128, 4443, 4803, 5139, 5508, 5882, 6241, 6599, 6993, 7387, 7737, 8123, 8432, 8721, 9007, 9272, 9456, 9630, 9755, 9848, 9908, 9957, 9975, 9990, 9995, 9999, 10000, 10000, 10000, 10000, 10000, 10000, 10000, 10000, 10000, 10000, 10000, 10000, 10000, 10000, 10000, 10000, 10000, 10000, 10000, 10000, 10000, 10000, 10000, 10000, 10000, 10000, 10000, 10000, 10000, 10000, 10000, 10000, 10000, 10000, 10000, 10000, 10000, 10000, 10000, 10000, 10000, 10000, 10000, 10000, 10000, 10000, 10000, 10000, 10000, 10000, 10000, 10000, 10000, 10000, 10000, 10000, 10000, 10000, 10000, 10000, 10000, 10000, 10000, 10000, 10000, 10000, 10000, 10000, 10000, 10000, 10000, 10000, 10000, 10000, 10000, 10000, 10000, 10000, 10000, 10000, 10000, 10000, 10000, 10000, 10000, 10000, 10000, 10000, 10000, 10000, 10000, 10000, 10000, 10000, 10000]




Time taken by function: 134004942 microseconds
