Cluster Size: 100
Prob: 0.2
Actual Prob: 0.2
Num of Tests: 10000
Design len: 200


******* BMA ALG ********
Error rate BMA: 0.293683
Succes rate BMA: 0.0295
SR histo BMA: 
[295, 295, 426, 435, 516, 533, 598, 625, 674, 696, 743, 766, 815, 853, 895, 921, 967, 1013, 1050, 1084, 1122, 1181, 1221, 1263, 1310, 1355, 1398, 1451, 1508, 1560, 1616, 1667, 1723, 1778, 1833, 1898, 1972, 2034, 2097, 2182, 2252, 2332, 2428, 2509, 2591, 2673, 2771, 2868, 2971, 3069, 3182, 3281, 3401, 3509, 3603, 3724, 3835, 3985, 4148, 4289, 4429, 4577, 4708, 4887, 5024, 5203, 5347, 5512, 5645, 5820, 5974, 6172, 6364, 6552, 6714, 6909, 7083, 7261, 7446, 7629, 7832, 8021, 8188, 8376, 8564, 8719, 8864, 9025, 9151, 9279, 9410, 9527, 9617, 9709, 9788, 9848, 9889, 9926, 9950, 9960, 9971, 9986, 9994, 9996, 9998, 10000, 10000, 10000, 10000, 10000, 10000, 10000, 10000, 10000, 10000, 10000, 10000, 10000, 10000, 10000, 10000, 10000, 10000, 10000, 10000, 10000, 10000, 10000, 10000, 10000, 10000, 10000, 10000, 10000, 10000, 10000, 10000, 10000, 10000, 10000, 10000, 10000, 10000, 10000, 10000, 10000, 10000, 10000, 10000, 10000, 10000, 10000, 10000, 10000, 10000, 10000, 10000, 10000, 10000, 10000, 10000, 10000, 10000, 10000, 10000, 10000, 10000, 10000, 10000, 10000, 10000, 10000, 10000, 10000, 10000, 10000, 10000, 10000, 10000, 10000, 10000, 10000, 10000, 10000, 10000, 10000, 10000, 10000, 10000, 10000, 10000, 10000, 10000, 10000, 10000, 10000, 10000, 10000, 10000, 10000]


Cluster Size: 100
Prob: 0.25
Actual Prob: 0.25
Num of Tests: 10000
Design len: 200


******* BMA ALG ********
Error rate BMA: 0.398634
Succes rate BMA: 0
SR histo BMA: 
[0, 0, 1, 1, 2, 2, 4, 4, 5, 5, 5, 6, 7, 8, 9, 12, 15, 16, 19, 19, 20, 23, 23, 25, 31, 36, 38, 40, 44, 47, 51, 56, 59, 63, 69, 79, 93, 105, 118, 125, 135, 150, 166, 174, 185, 197, 213, 236, 266, 295, 331, 362, 395, 433, 479, 520, 579, 632, 689, 754, 814, 894, 981, 1077, 1168, 1256, 1383, 1510, 1655, 1810, 1988, 2152, 2327, 2553, 2768, 2989, 3240, 3528, 3825, 4117, 4395, 4727, 5050, 5428, 5767, 6176, 6551, 6923, 7291, 7707, 8068, 8462, 8766, 9047, 9296, 9493, 9638, 9768, 9854, 9913, 9947, 9973, 9987, 9996, 9998, 10000, 10000, 10000, 10000, 10000, 10000, 10000, 10000, 10000, 10000, 10000, 10000, 10000, 10000, 10000, 10000, 10000, 10000, 10000, 10000, 10000, 10000, 10000, 10000, 10000, 10000, 10000, 10000, 10000, 10000, 10000, 10000, 10000, 10000, 10000, 10000, 10000, 10000, 10000, 10000, 10000, 10000, 10000, 10000, 10000, 10000, 10000, 10000, 10000, 10000, 10000, 10000, 10000, 10000, 10000, 10000, 10000, 10000, 10000, 10000, 10000, 10000, 10000, 10000, 10000, 10000, 10000, 10000, 10000, 10000, 10000, 10000, 10000, 10000, 10000, 10000, 10000, 10000, 10000, 10000, 10000, 10000, 10000, 10000, 10000, 10000, 10000, 10000, 10000, 10000, 10000, 10000, 10000, 10000, 10000]




Time taken by function: 114054631 microseconds
