Cluster Size: 100
Prob: 0.01
Actual Prob: 0.01
Num of Tests: 10000
Design len: 200


******* BMA ALG ********
Error rate BMA: 0
Succes rate BMA: 1
SR histo BMA: 
[10000, 10000, 10000, 10000, 10000, 10000, 10000, 10000, 10000, 10000, 10000, 10000, 10000, 10000, 10000, 10000, 10000, 10000, 10000, 10000, 10000, 10000, 10000, 10000, 10000, 10000, 10000, 10000, 10000, 10000, 10000, 10000, 10000, 10000, 10000, 10000, 10000, 10000, 10000, 10000, 10000, 10000, 10000, 10000, 10000, 10000, 10000, 10000, 10000, 10000, 10000, 10000, 10000, 10000, 10000, 10000, 10000, 10000, 10000, 10000, 10000, 10000, 10000, 10000, 10000, 10000, 10000, 10000, 10000, 10000, 10000, 10000, 10000, 10000, 10000, 10000, 10000, 10000, 10000, 10000, 10000, 10000, 10000, 10000, 10000, 10000, 10000, 10000, 10000, 10000, 10000, 10000, 10000, 10000, 10000, 10000, 10000, 10000, 10000, 10000, 10000, 10000, 10000, 10000, 10000, 10000, 10000, 10000, 10000, 10000, 10000, 10000, 10000, 10000, 10000, 10000, 10000, 10000, 10000, 10000, 10000, 10000, 10000, 10000, 10000, 10000, 10000, 10000, 10000, 10000, 10000, 10000, 10000, 10000, 10000, 10000, 10000, 10000, 10000, 10000, 10000, 10000, 10000, 10000, 10000, 10000, 10000, 10000, 10000, 10000, 10000, 10000, 10000, 10000, 10000, 10000, 10000, 10000, 10000, 10000, 10000, 10000, 10000, 10000, 10000, 10000, 10000, 10000, 10000, 10000, 10000, 10000, 10000, 10000, 10000, 10000, 10000, 10000, 10000, 10000, 10000, 10000, 10000, 10000, 10000, 10000, 10000, 10000, 10000, 10000, 10000, 10000, 10000, 10000, 10000, 10000, 10000, 10000, 10000, 10000]


Cluster Size: 100
Prob: 0.02
Actual Prob: 0.02
Num of Tests: 10000
Design len: 200


******* BMA ALG ********
Error rate BMA: 0
Succes rate BMA: 1
SR histo BMA: 
[10000, 10000, 10000, 10000, 10000, 10000, 10000, 10000, 10000, 10000, 10000, 10000, 10000, 10000, 10000, 10000, 10000, 10000, 10000, 10000, 10000, 10000, 10000, 10000, 10000, 10000, 10000, 10000, 10000, 10000, 10000, 10000, 10000, 10000, 10000, 10000, 10000, 10000, 10000, 10000, 10000, 10000, 10000, 10000, 10000, 10000, 10000, 10000, 10000, 10000, 10000, 10000, 10000, 10000, 10000, 10000, 10000, 10000, 10000, 10000, 10000, 10000, 10000, 10000, 10000, 10000, 10000, 10000, 10000, 10000, 10000, 10000, 10000, 10000, 10000, 10000, 10000, 10000, 10000, 10000, 10000, 10000, 10000, 10000, 10000, 10000, 10000, 10000, 10000, 10000, 10000, 10000, 10000, 10000, 10000, 10000, 10000, 10000, 10000, 10000, 10000, 10000, 10000, 10000, 10000, 10000, 10000, 10000, 10000, 10000, 10000, 10000, 10000, 10000, 10000, 10000, 10000, 10000, 10000, 10000, 10000, 10000, 10000, 10000, 10000, 10000, 10000, 10000, 10000, 10000, 10000, 10000, 10000, 10000, 10000, 10000, 10000, 10000, 10000, 10000, 10000, 10000, 10000, 10000, 10000, 10000, 10000, 10000, 10000, 10000, 10000, 10000, 10000, 10000, 10000, 10000, 10000, 10000, 10000, 10000, 10000, 10000, 10000, 10000, 10000, 10000, 10000, 10000, 10000, 10000, 10000, 10000, 10000, 10000, 10000, 10000, 10000, 10000, 10000, 10000, 10000, 10000, 10000, 10000, 10000, 10000, 10000, 10000, 10000, 10000, 10000, 10000, 10000, 10000, 10000, 10000, 10000, 10000, 10000, 10000]


Cluster Size: 100
Prob: 0.03
Actual Prob: 0.03
Num of Tests: 10000
Design len: 200


******* BMA ALG ********
Error rate BMA: 0
Succes rate BMA: 1
SR histo BMA: 
[10000, 10000, 10000, 10000, 10000, 10000, 10000, 10000, 10000, 10000, 10000, 10000, 10000, 10000, 10000, 10000, 10000, 10000, 10000, 10000, 10000, 10000, 10000, 10000, 10000, 10000, 10000, 10000, 10000, 10000, 10000, 10000, 10000, 10000, 10000, 10000, 10000, 10000, 10000, 10000, 10000, 10000, 10000, 10000, 10000, 10000, 10000, 10000, 10000, 10000, 10000, 10000, 10000, 10000, 10000, 10000, 10000, 10000, 10000, 10000, 10000, 10000, 10000, 10000, 10000, 10000, 10000, 10000, 10000, 10000, 10000, 10000, 10000, 10000, 10000, 10000, 10000, 10000, 10000, 10000, 10000, 10000, 10000, 10000, 10000, 10000, 10000, 10000, 10000, 10000, 10000, 10000, 10000, 10000, 10000, 10000, 10000, 10000, 10000, 10000, 10000, 10000, 10000, 10000, 10000, 10000, 10000, 10000, 10000, 10000, 10000, 10000, 10000, 10000, 10000, 10000, 10000, 10000, 10000, 10000, 10000, 10000, 10000, 10000, 10000, 10000, 10000, 10000, 10000, 10000, 10000, 10000, 10000, 10000, 10000, 10000, 10000, 10000, 10000, 10000, 10000, 10000, 10000, 10000, 10000, 10000, 10000, 10000, 10000, 10000, 10000, 10000, 10000, 10000, 10000, 10000, 10000, 10000, 10000, 10000, 10000, 10000, 10000, 10000, 10000, 10000, 10000, 10000, 10000, 10000, 10000, 10000, 10000, 10000, 10000, 10000, 10000, 10000, 10000, 10000, 10000, 10000, 10000, 10000, 10000, 10000, 10000, 10000, 10000, 10000, 10000, 10000, 10000, 10000, 10000, 10000, 10000, 10000, 10000, 10000]


Cluster Size: 100
Prob: 0.04
Actual Prob: 0.04
Num of Tests: 10000
Design len: 200


******* BMA ALG ********
Error rate BMA: 0
Succes rate BMA: 1
SR histo BMA: 
[10000, 10000, 10000, 10000, 10000, 10000, 10000, 10000, 10000, 10000, 10000, 10000, 10000, 10000, 10000, 10000, 10000, 10000, 10000, 10000, 10000, 10000, 10000, 10000, 10000, 10000, 10000, 10000, 10000, 10000, 10000, 10000, 10000, 10000, 10000, 10000, 10000, 10000, 10000, 10000, 10000, 10000, 10000, 10000, 10000, 10000, 10000, 10000, 10000, 10000, 10000, 10000, 10000, 10000, 10000, 10000, 10000, 10000, 10000, 10000, 10000, 10000, 10000, 10000, 10000, 10000, 10000, 10000, 10000, 10000, 10000, 10000, 10000, 10000, 10000, 10000, 10000, 10000, 10000, 10000, 10000, 10000, 10000, 10000, 10000, 10000, 10000, 10000, 10000, 10000, 10000, 10000, 10000, 10000, 10000, 10000, 10000, 10000, 10000, 10000, 10000, 10000, 10000, 10000, 10000, 10000, 10000, 10000, 10000, 10000, 10000, 10000, 10000, 10000, 10000, 10000, 10000, 10000, 10000, 10000, 10000, 10000, 10000, 10000, 10000, 10000, 10000, 10000, 10000, 10000, 10000, 10000, 10000, 10000, 10000, 10000, 10000, 10000, 10000, 10000, 10000, 10000, 10000, 10000, 10000, 10000, 10000, 10000, 10000, 10000, 10000, 10000, 10000, 10000, 10000, 10000, 10000, 10000, 10000, 10000, 10000, 10000, 10000, 10000, 10000, 10000, 10000, 10000, 10000, 10000, 10000, 10000, 10000, 10000, 10000, 10000, 10000, 10000, 10000, 10000, 10000, 10000, 10000, 10000, 10000, 10000, 10000, 10000, 10000, 10000, 10000, 10000, 10000, 10000, 10000, 10000, 10000, 10000, 10000, 10000]


Cluster Size: 100
Prob: 0.05
Actual Prob: 0.05
Num of Tests: 10000
Design len: 200


******* BMA ALG ********
Error rate BMA: 0
Succes rate BMA: 1
SR histo BMA: 
[10000, 10000, 10000, 10000, 10000, 10000, 10000, 10000, 10000, 10000, 10000, 10000, 10000, 10000, 10000, 10000, 10000, 10000, 10000, 10000, 10000, 10000, 10000, 10000, 10000, 10000, 10000, 10000, 10000, 10000, 10000, 10000, 10000, 10000, 10000, 10000, 10000, 10000, 10000, 10000, 10000, 10000, 10000, 10000, 10000, 10000, 10000, 10000, 10000, 10000, 10000, 10000, 10000, 10000, 10000, 10000, 10000, 10000, 10000, 10000, 10000, 10000, 10000, 10000, 10000, 10000, 10000, 10000, 10000, 10000, 10000, 10000, 10000, 10000, 10000, 10000, 10000, 10000, 10000, 10000, 10000, 10000, 10000, 10000, 10000, 10000, 10000, 10000, 10000, 10000, 10000, 10000, 10000, 10000, 10000, 10000, 10000, 10000, 10000, 10000, 10000, 10000, 10000, 10000, 10000, 10000, 10000, 10000, 10000, 10000, 10000, 10000, 10000, 10000, 10000, 10000, 10000, 10000, 10000, 10000, 10000, 10000, 10000, 10000, 10000, 10000, 10000, 10000, 10000, 10000, 10000, 10000, 10000, 10000, 10000, 10000, 10000, 10000, 10000, 10000, 10000, 10000, 10000, 10000, 10000, 10000, 10000, 10000, 10000, 10000, 10000, 10000, 10000, 10000, 10000, 10000, 10000, 10000, 10000, 10000, 10000, 10000, 10000, 10000, 10000, 10000, 10000, 10000, 10000, 10000, 10000, 10000, 10000, 10000, 10000, 10000, 10000, 10000, 10000, 10000, 10000, 10000, 10000, 10000, 10000, 10000, 10000, 10000, 10000, 10000, 10000, 10000, 10000, 10000, 10000, 10000, 10000, 10000, 10000, 10000]


Cluster Size: 100
Prob: 0.06
Actual Prob: 0.06
Num of Tests: 10000
Design len: 200


******* BMA ALG ********
Error rate BMA: 1e-06
Succes rate BMA: 0.9999
SR histo BMA: 
[9999, 9999, 10000, 10000, 10000, 10000, 10000, 10000, 10000, 10000, 10000, 10000, 10000, 10000, 10000, 10000, 10000, 10000, 10000, 10000, 10000, 10000, 10000, 10000, 10000, 10000, 10000, 10000, 10000, 10000, 10000, 10000, 10000, 10000, 10000, 10000, 10000, 10000, 10000, 10000, 10000, 10000, 10000, 10000, 10000, 10000, 10000, 10000, 10000, 10000, 10000, 10000, 10000, 10000, 10000, 10000, 10000, 10000, 10000, 10000, 10000, 10000, 10000, 10000, 10000, 10000, 10000, 10000, 10000, 10000, 10000, 10000, 10000, 10000, 10000, 10000, 10000, 10000, 10000, 10000, 10000, 10000, 10000, 10000, 10000, 10000, 10000, 10000, 10000, 10000, 10000, 10000, 10000, 10000, 10000, 10000, 10000, 10000, 10000, 10000, 10000, 10000, 10000, 10000, 10000, 10000, 10000, 10000, 10000, 10000, 10000, 10000, 10000, 10000, 10000, 10000, 10000, 10000, 10000, 10000, 10000, 10000, 10000, 10000, 10000, 10000, 10000, 10000, 10000, 10000, 10000, 10000, 10000, 10000, 10000, 10000, 10000, 10000, 10000, 10000, 10000, 10000, 10000, 10000, 10000, 10000, 10000, 10000, 10000, 10000, 10000, 10000, 10000, 10000, 10000, 10000, 10000, 10000, 10000, 10000, 10000, 10000, 10000, 10000, 10000, 10000, 10000, 10000, 10000, 10000, 10000, 10000, 10000, 10000, 10000, 10000, 10000, 10000, 10000, 10000, 10000, 10000, 10000, 10000, 10000, 10000, 10000, 10000, 10000, 10000, 10000, 10000, 10000, 10000, 10000, 10000, 10000, 10000, 10000, 10000]


Cluster Size: 100
Prob: 0.07
Actual Prob: 0.07
Num of Tests: 10000
Design len: 200


******* BMA ALG ********
Error rate BMA: 0.000174
Succes rate BMA: 0.9976
SR histo BMA: 
[9976, 9976, 9979, 9979, 9983, 9984, 9987, 9987, 9988, 9988, 9989, 9990, 9991, 9991, 9992, 9992, 9992, 9992, 9993, 9993, 9994, 9995, 9996, 9996, 9996, 9996, 9996, 9997, 9998, 9998, 9998, 9998, 9998, 9998, 9998, 9998, 9998, 9998, 9998, 9998, 9999, 9999, 9999, 9999, 9999, 9999, 9999, 9999, 9999, 9999, 9999, 9999, 9999, 9999, 9999, 9999, 9999, 9999, 9999, 9999, 9999, 9999, 9999, 9999, 9999, 9999, 9999, 9999, 9999, 9999, 9999, 9999, 10000, 10000, 10000, 10000, 10000, 10000, 10000, 10000, 10000, 10000, 10000, 10000, 10000, 10000, 10000, 10000, 10000, 10000, 10000, 10000, 10000, 10000, 10000, 10000, 10000, 10000, 10000, 10000, 10000, 10000, 10000, 10000, 10000, 10000, 10000, 10000, 10000, 10000, 10000, 10000, 10000, 10000, 10000, 10000, 10000, 10000, 10000, 10000, 10000, 10000, 10000, 10000, 10000, 10000, 10000, 10000, 10000, 10000, 10000, 10000, 10000, 10000, 10000, 10000, 10000, 10000, 10000, 10000, 10000, 10000, 10000, 10000, 10000, 10000, 10000, 10000, 10000, 10000, 10000, 10000, 10000, 10000, 10000, 10000, 10000, 10000, 10000, 10000, 10000, 10000, 10000, 10000, 10000, 10000, 10000, 10000, 10000, 10000, 10000, 10000, 10000, 10000, 10000, 10000, 10000, 10000, 10000, 10000, 10000, 10000, 10000, 10000, 10000, 10000, 10000, 10000, 10000, 10000, 10000, 10000, 10000, 10000, 10000, 10000, 10000, 10000, 10000, 10000]


Cluster Size: 100
Prob: 0.08
Actual Prob: 0.08
Num of Tests: 10000
Design len: 200


******* BMA ALG ********
Error rate BMA: 0.000734
Succes rate BMA: 0.9914
SR histo BMA: 
[9914, 9914, 9929, 9930, 9938, 9941, 9946, 9946, 9952, 9952, 9953, 9954, 9961, 9961, 9969, 9969, 9970, 9971, 9972, 9973, 9975, 9975, 9977, 9978, 9979, 9980, 9983, 9983, 9984, 9984, 9986, 9986, 9988, 9988, 9988, 9990, 9990, 9991, 9991, 9991, 9993, 9993, 9993, 9993, 9993, 9993, 9993, 9993, 9993, 9993, 9994, 9994, 9994, 9994, 9995, 9995, 9995, 9995, 9995, 9996, 9998, 9998, 9998, 9998, 9998, 9998, 9998, 9998, 9998, 9998, 9998, 9998, 9998, 9998, 9998, 9998, 9998, 9998, 9998, 9998, 9998, 9998, 9999, 9999, 9999, 10000, 10000, 10000, 10000, 10000, 10000, 10000, 10000, 10000, 10000, 10000, 10000, 10000, 10000, 10000, 10000, 10000, 10000, 10000, 10000, 10000, 10000, 10000, 10000, 10000, 10000, 10000, 10000, 10000, 10000, 10000, 10000, 10000, 10000, 10000, 10000, 10000, 10000, 10000, 10000, 10000, 10000, 10000, 10000, 10000, 10000, 10000, 10000, 10000, 10000, 10000, 10000, 10000, 10000, 10000, 10000, 10000, 10000, 10000, 10000, 10000, 10000, 10000, 10000, 10000, 10000, 10000, 10000, 10000, 10000, 10000, 10000, 10000, 10000, 10000, 10000, 10000, 10000, 10000, 10000, 10000, 10000, 10000, 10000, 10000, 10000, 10000, 10000, 10000, 10000, 10000, 10000, 10000, 10000, 10000, 10000, 10000, 10000, 10000, 10000, 10000, 10000, 10000, 10000, 10000, 10000, 10000, 10000, 10000, 10000, 10000, 10000, 10000, 10000, 10000]


Cluster Size: 100
Prob: 0.09
Actual Prob: 0.09
Num of Tests: 10000
Design len: 200


******* BMA ALG ********
Error rate BMA: 0.0013905
Succes rate BMA: 0.9841
SR histo BMA: 
[9841, 9841, 9876, 9878, 9891, 9893, 9905, 9911, 9919, 9921, 9926, 9927, 9930, 9931, 9936, 9938, 9941, 9943, 9950, 9950, 9955, 9955, 9956, 9958, 9960, 9960, 9965, 9965, 9966, 9966, 9969, 9971, 9973, 9973, 9973, 9973, 9975, 9975, 9976, 9977, 9978, 9978, 9978, 9978, 9979, 9979, 9981, 9981, 9982, 9984, 9985, 9986, 9988, 9989, 9989, 9989, 9991, 9992, 9994, 9994, 9994, 9994, 9995, 9995, 9996, 9996, 9996, 9996, 9996, 9996, 9996, 9997, 9997, 9998, 9999, 9999, 9999, 9999, 9999, 9999, 9999, 10000, 10000, 10000, 10000, 10000, 10000, 10000, 10000, 10000, 10000, 10000, 10000, 10000, 10000, 10000, 10000, 10000, 10000, 10000, 10000, 10000, 10000, 10000, 10000, 10000, 10000, 10000, 10000, 10000, 10000, 10000, 10000, 10000, 10000, 10000, 10000, 10000, 10000, 10000, 10000, 10000, 10000, 10000, 10000, 10000, 10000, 10000, 10000, 10000, 10000, 10000, 10000, 10000, 10000, 10000, 10000, 10000, 10000, 10000, 10000, 10000, 10000, 10000, 10000, 10000, 10000, 10000, 10000, 10000, 10000, 10000, 10000, 10000, 10000, 10000, 10000, 10000, 10000, 10000, 10000, 10000, 10000, 10000, 10000, 10000, 10000, 10000, 10000, 10000, 10000, 10000, 10000, 10000, 10000, 10000, 10000, 10000, 10000, 10000, 10000, 10000, 10000, 10000, 10000, 10000, 10000, 10000, 10000, 10000, 10000, 10000, 10000, 10000, 10000, 10000, 10000, 10000, 10000, 10000]


Cluster Size: 100
Prob: 0.1
Actual Prob: 0.1
Num of Tests: 10000
Design len: 200


******* BMA ALG ********
Error rate BMA: 0.004083
Succes rate BMA: 0.9554
SR histo BMA: 
[9554, 9554, 9643, 9649, 9695, 9705, 9732, 9740, 9772, 9775, 9793, 9794, 9806, 9808, 9823, 9824, 9843, 9844, 9853, 9854, 9867, 9867, 9879, 9879, 9888, 9890, 9895, 9899, 9906, 9906, 9908, 9913, 9914, 9916, 9922, 9923, 9924, 9925, 9927, 9928, 9931, 9931, 9934, 9937, 9940, 9943, 9946, 9947, 9948, 9949, 9950, 9954, 9956, 9961, 9964, 9965, 9965, 9967, 9968, 9970, 9973, 9975, 9978, 9982, 9984, 9984, 9984, 9984, 9985, 9985, 9985, 9987, 9989, 9989, 9989, 9990, 9992, 9993, 9993, 9993, 9993, 9993, 9993, 9994, 9996, 9998, 9998, 9998, 9998, 9998, 9998, 10000, 10000, 10000, 10000, 10000, 10000, 10000, 10000, 10000, 10000, 10000, 10000, 10000, 10000, 10000, 10000, 10000, 10000, 10000, 10000, 10000, 10000, 10000, 10000, 10000, 10000, 10000, 10000, 10000, 10000, 10000, 10000, 10000, 10000, 10000, 10000, 10000, 10000, 10000, 10000, 10000, 10000, 10000, 10000, 10000, 10000, 10000, 10000, 10000, 10000, 10000, 10000, 10000, 10000, 10000, 10000, 10000, 10000, 10000, 10000, 10000, 10000, 10000, 10000, 10000, 10000, 10000, 10000, 10000, 10000, 10000, 10000, 10000, 10000, 10000, 10000, 10000, 10000, 10000, 10000, 10000, 10000, 10000, 10000, 10000, 10000, 10000, 10000, 10000, 10000, 10000, 10000, 10000, 10000, 10000, 10000, 10000, 10000, 10000, 10000, 10000, 10000, 10000, 10000, 10000, 10000, 10000, 10000, 10000]


Cluster Size: 100
Prob: 0.11
Actual Prob: 0.11
Num of Tests: 10000
Design len: 200


******* BMA ALG ********
Error rate BMA: 0.0097115
Succes rate BMA: 0.903
SR histo BMA: 
[9030, 9030, 9212, 9230, 9320, 9323, 9375, 9393, 9446, 9460, 9501, 9513, 9551, 9559, 9583, 9591, 9614, 9622, 9639, 9649, 9670, 9675, 9689, 9694, 9712, 9717, 9730, 9736, 9746, 9753, 9759, 9765, 9778, 9786, 9792, 9799, 9804, 9806, 9814, 9821, 9826, 9834, 9841, 9847, 9851, 9856, 9863, 9868, 9880, 9885, 9891, 9899, 9906, 9911, 9915, 9917, 9919, 9921, 9927, 9931, 9932, 9935, 9939, 9945, 9952, 9955, 9957, 9960, 9960, 9966, 9969, 9970, 9973, 9977, 9979, 9979, 9982, 9983, 9985, 9986, 9986, 9989, 9990, 9990, 9993, 9993, 9994, 9995, 9997, 9997, 9999, 9999, 9999, 9999, 9999, 9999, 10000, 10000, 10000, 10000, 10000, 10000, 10000, 10000, 10000, 10000, 10000, 10000, 10000, 10000, 10000, 10000, 10000, 10000, 10000, 10000, 10000, 10000, 10000, 10000, 10000, 10000, 10000, 10000, 10000, 10000, 10000, 10000, 10000, 10000, 10000, 10000, 10000, 10000, 10000, 10000, 10000, 10000, 10000, 10000, 10000, 10000, 10000, 10000, 10000, 10000, 10000, 10000, 10000, 10000, 10000, 10000, 10000, 10000, 10000, 10000, 10000, 10000, 10000, 10000, 10000, 10000, 10000, 10000, 10000, 10000, 10000, 10000, 10000, 10000, 10000, 10000, 10000, 10000, 10000, 10000, 10000, 10000, 10000, 10000, 10000, 10000, 10000, 10000, 10000, 10000, 10000, 10000, 10000, 10000, 10000, 10000, 10000, 10000, 10000, 10000, 10000, 10000, 10000, 10000]


Cluster Size: 100
Prob: 0.12
Actual Prob: 0.12
Num of Tests: 10000
Design len: 200


******* BMA ALG ********
Error rate BMA: 0.018917
Succes rate BMA: 0.8324
SR histo BMA: 
[8324, 8324, 8599, 8616, 8767, 8786, 8892, 8904, 8992, 9010, 9078, 9096, 9145, 9156, 9195, 9207, 9252, 9263, 9290, 9303, 9332, 9353, 9372, 9386, 9402, 9419, 9443, 9460, 9477, 9485, 9505, 9517, 9526, 9537, 9550, 9563, 9583, 9602, 9619, 9630, 9639, 9651, 9660, 9676, 9688, 9707, 9718, 9728, 9744, 9753, 9770, 9779, 9785, 9786, 9797, 9803, 9812, 9819, 9822, 9829, 9842, 9853, 9863, 9871, 9881, 9886, 9899, 9906, 9916, 9923, 9930, 9936, 9944, 9954, 9961, 9962, 9968, 9970, 9971, 9975, 9977, 9980, 9982, 9983, 9984, 9985, 9988, 9991, 9993, 9994, 9995, 9996, 9996, 9996, 9997, 9997, 9997, 9998, 10000, 10000, 10000, 10000, 10000, 10000, 10000, 10000, 10000, 10000, 10000, 10000, 10000, 10000, 10000, 10000, 10000, 10000, 10000, 10000, 10000, 10000, 10000, 10000, 10000, 10000, 10000, 10000, 10000, 10000, 10000, 10000, 10000, 10000, 10000, 10000, 10000, 10000, 10000, 10000, 10000, 10000, 10000, 10000, 10000, 10000, 10000, 10000, 10000, 10000, 10000, 10000, 10000, 10000, 10000, 10000, 10000, 10000, 10000, 10000, 10000, 10000, 10000, 10000, 10000, 10000, 10000, 10000, 10000, 10000, 10000, 10000, 10000, 10000, 10000, 10000, 10000, 10000, 10000, 10000, 10000, 10000, 10000, 10000, 10000, 10000, 10000, 10000, 10000, 10000, 10000, 10000, 10000, 10000, 10000, 10000, 10000, 10000, 10000, 10000, 10000, 10000]


Cluster Size: 100
Prob: 0.13
Actual Prob: 0.13
Num of Tests: 10000
Design len: 200


******* BMA ALG ********
Error rate BMA: 0.035696
Succes rate BMA: 0.73
SR histo BMA: 
[7300, 7300, 7692, 7719, 7894, 7920, 8064, 8092, 8223, 8253, 8347, 8369, 8438, 8467, 8526, 8546, 8616, 8636, 8685, 8710, 8753, 8784, 8823, 8851, 8894, 8919, 8953, 8978, 9003, 9029, 9046, 9068, 9090, 9112, 9139, 9159, 9182, 9197, 9224, 9245, 9267, 9286, 9311, 9334, 9354, 9372, 9386, 9408, 9435, 9457, 9473, 9496, 9513, 9536, 9561, 9580, 9593, 9610, 9632, 9644, 9658, 9670, 9682, 9699, 9706, 9725, 9745, 9757, 9768, 9785, 9800, 9809, 9826, 9838, 9846, 9857, 9870, 9879, 9886, 9899, 9907, 9920, 9935, 9942, 9946, 9952, 9960, 9963, 9974, 9980, 9986, 9988, 9989, 9989, 9993, 9993, 9997, 9998, 9999, 9999, 9999, 10000, 10000, 10000, 10000, 10000, 10000, 10000, 10000, 10000, 10000, 10000, 10000, 10000, 10000, 10000, 10000, 10000, 10000, 10000, 10000, 10000, 10000, 10000, 10000, 10000, 10000, 10000, 10000, 10000, 10000, 10000, 10000, 10000, 10000, 10000, 10000, 10000, 10000, 10000, 10000, 10000, 10000, 10000, 10000, 10000, 10000, 10000, 10000, 10000, 10000, 10000, 10000, 10000, 10000, 10000, 10000, 10000, 10000, 10000, 10000, 10000, 10000, 10000, 10000, 10000, 10000, 10000, 10000, 10000, 10000, 10000, 10000, 10000, 10000, 10000, 10000, 10000, 10000, 10000, 10000, 10000, 10000, 10000, 10000, 10000, 10000, 10000, 10000, 10000, 10000, 10000, 10000, 10000, 10000, 10000, 10000, 10000, 10000, 10000]


Cluster Size: 100
Prob: 0.14
Actual Prob: 0.14
Num of Tests: 10000
Design len: 200


******* BMA ALG ********
Error rate BMA: 0.0599485
Succes rate BMA: 0.6
SR histo BMA: 
[6000, 6000, 6494, 6526, 6749, 6783, 6980, 7023, 7169, 7210, 7337, 7368, 7463, 7499, 7579, 7626, 7686, 7737, 7805, 7851, 7899, 7937, 7977, 8005, 8055, 8095, 8142, 8175, 8230, 8262, 8309, 8341, 8377, 8406, 8445, 8476, 8506, 8559, 8608, 8639, 8685, 8713, 8742, 8770, 8806, 8845, 8870, 8919, 8957, 9007, 9054, 9088, 9121, 9151, 9184, 9211, 9252, 9280, 9309, 9343, 9360, 9384, 9415, 9447, 9485, 9514, 9538, 9566, 9593, 9622, 9655, 9672, 9695, 9720, 9740, 9764, 9787, 9808, 9828, 9838, 9861, 9869, 9881, 9897, 9907, 9921, 9933, 9947, 9956, 9969, 9973, 9977, 9981, 9988, 9993, 9994, 9997, 9998, 9999, 9999, 9999, 9999, 9999, 10000, 10000, 10000, 10000, 10000, 10000, 10000, 10000, 10000, 10000, 10000, 10000, 10000, 10000, 10000, 10000, 10000, 10000, 10000, 10000, 10000, 10000, 10000, 10000, 10000, 10000, 10000, 10000, 10000, 10000, 10000, 10000, 10000, 10000, 10000, 10000, 10000, 10000, 10000, 10000, 10000, 10000, 10000, 10000, 10000, 10000, 10000, 10000, 10000, 10000, 10000, 10000, 10000, 10000, 10000, 10000, 10000, 10000, 10000, 10000, 10000, 10000, 10000, 10000, 10000, 10000, 10000, 10000, 10000, 10000, 10000, 10000, 10000, 10000, 10000, 10000, 10000, 10000, 10000, 10000, 10000, 10000, 10000, 10000, 10000, 10000, 10000, 10000, 10000, 10000, 10000, 10000, 10000, 10000, 10000, 10000, 10000]


Cluster Size: 100
Prob: 0.15
Actual Prob: 0.15
Num of Tests: 10000
Design len: 200


******* BMA ALG ********
Error rate BMA: 0.088693
Succes rate BMA: 0.4729
SR histo BMA: 
[4729, 4729, 5284, 5332, 5614, 5653, 5858, 5901, 6057, 6099, 6231, 6272, 6383, 6417, 6496, 6557, 6634, 6689, 6756, 6804, 6856, 6912, 6982, 7032, 7086, 7132, 7189, 7260, 7318, 7377, 7432, 7486, 7536, 7588, 7655, 7707, 7761, 7798, 7849, 7907, 7975, 8022, 8072, 8129, 8181, 8225, 8281, 8330, 8391, 8442, 8490, 8538, 8582, 8640, 8688, 8733, 8782, 8827, 8870, 8914, 8956, 9012, 9054, 9087, 9124, 9160, 9213, 9253, 9293, 9327, 9369, 9414, 9454, 9497, 9530, 9566, 9598, 9643, 9672, 9704, 9743, 9763, 9789, 9814, 9835, 9852, 9870, 9892, 9917, 9936, 9946, 9959, 9970, 9975, 9984, 9989, 9993, 9996, 9999, 9999, 9999, 9999, 9999, 10000, 10000, 10000, 10000, 10000, 10000, 10000, 10000, 10000, 10000, 10000, 10000, 10000, 10000, 10000, 10000, 10000, 10000, 10000, 10000, 10000, 10000, 10000, 10000, 10000, 10000, 10000, 10000, 10000, 10000, 10000, 10000, 10000, 10000, 10000, 10000, 10000, 10000, 10000, 10000, 10000, 10000, 10000, 10000, 10000, 10000, 10000, 10000, 10000, 10000, 10000, 10000, 10000, 10000, 10000, 10000, 10000, 10000, 10000, 10000, 10000, 10000, 10000, 10000, 10000, 10000, 10000, 10000, 10000, 10000, 10000, 10000, 10000, 10000, 10000, 10000, 10000, 10000, 10000, 10000, 10000, 10000, 10000, 10000, 10000, 10000, 10000, 10000, 10000, 10000, 10000, 10000, 10000, 10000, 10000, 10000, 10000]




Time taken by function: 779098249 microseconds
