Cluster Size: 75
Prob: 0.2
Actual Prob: 0.2
Num of Tests: 10000
Design len: 200


******* BMA ALG ********
Error rate BMA: 0.300169
Succes rate BMA: 0.0234
SR histo BMA: 
[234, 234, 371, 379, 449, 458, 519, 539, 581, 596, 631, 655, 687, 718, 748, 779, 811, 838, 882, 927, 966, 1008, 1052, 1102, 1144, 1183, 1232, 1282, 1341, 1385, 1434, 1498, 1565, 1621, 1685, 1751, 1818, 1876, 1931, 2026, 2113, 2192, 2263, 2336, 2410, 2506, 2583, 2672, 2771, 2855, 2961, 3054, 3161, 3279, 3399, 3512, 3655, 3780, 3917, 4065, 4211, 4338, 4489, 4637, 4796, 4961, 5120, 5300, 5469, 5644, 5858, 6059, 6231, 6415, 6616, 6792, 6978, 7161, 7337, 7542, 7726, 7948, 8133, 8302, 8478, 8655, 8812, 8978, 9157, 9305, 9432, 9542, 9650, 9736, 9807, 9856, 9906, 9945, 9965, 9978, 9990, 9994, 9997, 9998, 9999, 10000, 10000, 10000, 10000, 10000, 10000, 10000, 10000, 10000, 10000, 10000, 10000, 10000, 10000, 10000, 10000, 10000, 10000, 10000, 10000, 10000, 10000, 10000, 10000, 10000, 10000, 10000, 10000, 10000, 10000, 10000, 10000, 10000, 10000, 10000, 10000, 10000, 10000, 10000, 10000, 10000, 10000, 10000, 10000, 10000, 10000, 10000, 10000, 10000, 10000, 10000, 10000, 10000, 10000, 10000, 10000, 10000, 10000, 10000, 10000, 10000, 10000, 10000, 10000, 10000, 10000, 10000, 10000, 10000, 10000, 10000, 10000, 10000, 10000, 10000, 10000, 10000, 10000, 10000, 10000, 10000, 10000, 10000, 10000, 10000, 10000, 10000, 10000, 10000, 10000, 10000, 10000, 10000, 10000, 10000]


Cluster Size: 75
Prob: 0.25
Actual Prob: 0.25
Num of Tests: 10000
Design len: 200


******* BMA ALG ********
Error rate BMA: 0.40066
Succes rate BMA: 0.0001
SR histo BMA: 
[1, 1, 2, 2, 3, 3, 3, 3, 4, 4, 4, 4, 4, 4, 6, 6, 8, 8, 9, 12, 14, 16, 19, 20, 23, 28, 32, 35, 38, 47, 51, 57, 59, 64, 73, 76, 87, 98, 110, 123, 131, 139, 152, 166, 183, 200, 222, 236, 252, 279, 315, 340, 379, 409, 446, 491, 541, 596, 654, 724, 792, 866, 938, 1022, 1112, 1206, 1321, 1435, 1567, 1709, 1860, 2023, 2199, 2390, 2605, 2842, 3088, 3341, 3645, 3951, 4290, 4625, 4960, 5299, 5645, 6037, 6417, 6798, 7149, 7570, 7963, 8372, 8744, 9023, 9279, 9487, 9636, 9760, 9857, 9923, 9960, 9981, 9988, 9993, 9998, 9998, 10000, 10000, 10000, 10000, 10000, 10000, 10000, 10000, 10000, 10000, 10000, 10000, 10000, 10000, 10000, 10000, 10000, 10000, 10000, 10000, 10000, 10000, 10000, 10000, 10000, 10000, 10000, 10000, 10000, 10000, 10000, 10000, 10000, 10000, 10000, 10000, 10000, 10000, 10000, 10000, 10000, 10000, 10000, 10000, 10000, 10000, 10000, 10000, 10000, 10000, 10000, 10000, 10000, 10000, 10000, 10000, 10000, 10000, 10000, 10000, 10000, 10000, 10000, 10000, 10000, 10000, 10000, 10000, 10000, 10000, 10000, 10000, 10000, 10000, 10000, 10000, 10000, 10000, 10000, 10000, 10000, 10000, 10000, 10000, 10000, 10000, 10000, 10000, 10000, 10000, 10000, 10000, 10000, 10000]




Time taken by function: 95094398 microseconds
