Cluster Size: 125
Prob: 0.01
Actual Prob: 0.01
Num of Tests: 10000
Design len: 200


******* BMA ALG ********
Error rate BMA: 0
Succes rate BMA: 1
SR histo BMA: 
[10000, 10000, 10000, 10000, 10000, 10000, 10000, 10000, 10000, 10000, 10000, 10000, 10000, 10000, 10000, 10000, 10000, 10000, 10000, 10000, 10000, 10000, 10000, 10000, 10000, 10000, 10000, 10000, 10000, 10000, 10000, 10000, 10000, 10000, 10000, 10000, 10000, 10000, 10000, 10000, 10000, 10000, 10000, 10000, 10000, 10000, 10000, 10000, 10000, 10000, 10000, 10000, 10000, 10000, 10000, 10000, 10000, 10000, 10000, 10000, 10000, 10000, 10000, 10000, 10000, 10000, 10000, 10000, 10000, 10000, 10000, 10000, 10000, 10000, 10000, 10000, 10000, 10000, 10000, 10000, 10000, 10000, 10000, 10000, 10000, 10000, 10000, 10000, 10000, 10000, 10000, 10000, 10000, 10000, 10000, 10000, 10000, 10000, 10000, 10000, 10000, 10000, 10000, 10000, 10000, 10000, 10000, 10000, 10000, 10000, 10000, 10000, 10000, 10000, 10000, 10000, 10000, 10000, 10000, 10000, 10000, 10000, 10000, 10000, 10000, 10000, 10000, 10000, 10000, 10000, 10000, 10000, 10000, 10000, 10000, 10000, 10000, 10000, 10000, 10000, 10000, 10000, 10000, 10000, 10000, 10000, 10000, 10000, 10000, 10000, 10000, 10000, 10000, 10000, 10000, 10000, 10000, 10000, 10000, 10000, 10000, 10000, 10000, 10000, 10000, 10000, 10000, 10000, 10000, 10000, 10000, 10000, 10000, 10000, 10000, 10000, 10000, 10000, 10000, 10000, 10000, 10000, 10000, 10000, 10000, 10000, 10000, 10000, 10000, 10000, 10000, 10000, 10000, 10000, 10000, 10000, 10000, 10000, 10000, 10000]


Cluster Size: 125
Prob: 0.02
Actual Prob: 0.02
Num of Tests: 10000
Design len: 200


******* BMA ALG ********
Error rate BMA: 0
Succes rate BMA: 1
SR histo BMA: 
[10000, 10000, 10000, 10000, 10000, 10000, 10000, 10000, 10000, 10000, 10000, 10000, 10000, 10000, 10000, 10000, 10000, 10000, 10000, 10000, 10000, 10000, 10000, 10000, 10000, 10000, 10000, 10000, 10000, 10000, 10000, 10000, 10000, 10000, 10000, 10000, 10000, 10000, 10000, 10000, 10000, 10000, 10000, 10000, 10000, 10000, 10000, 10000, 10000, 10000, 10000, 10000, 10000, 10000, 10000, 10000, 10000, 10000, 10000, 10000, 10000, 10000, 10000, 10000, 10000, 10000, 10000, 10000, 10000, 10000, 10000, 10000, 10000, 10000, 10000, 10000, 10000, 10000, 10000, 10000, 10000, 10000, 10000, 10000, 10000, 10000, 10000, 10000, 10000, 10000, 10000, 10000, 10000, 10000, 10000, 10000, 10000, 10000, 10000, 10000, 10000, 10000, 10000, 10000, 10000, 10000, 10000, 10000, 10000, 10000, 10000, 10000, 10000, 10000, 10000, 10000, 10000, 10000, 10000, 10000, 10000, 10000, 10000, 10000, 10000, 10000, 10000, 10000, 10000, 10000, 10000, 10000, 10000, 10000, 10000, 10000, 10000, 10000, 10000, 10000, 10000, 10000, 10000, 10000, 10000, 10000, 10000, 10000, 10000, 10000, 10000, 10000, 10000, 10000, 10000, 10000, 10000, 10000, 10000, 10000, 10000, 10000, 10000, 10000, 10000, 10000, 10000, 10000, 10000, 10000, 10000, 10000, 10000, 10000, 10000, 10000, 10000, 10000, 10000, 10000, 10000, 10000, 10000, 10000, 10000, 10000, 10000, 10000, 10000, 10000, 10000, 10000, 10000, 10000, 10000, 10000, 10000, 10000, 10000, 10000]


Cluster Size: 125
Prob: 0.03
Actual Prob: 0.03
Num of Tests: 10000
Design len: 200


******* BMA ALG ********
Error rate BMA: 0
Succes rate BMA: 1
SR histo BMA: 
[10000, 10000, 10000, 10000, 10000, 10000, 10000, 10000, 10000, 10000, 10000, 10000, 10000, 10000, 10000, 10000, 10000, 10000, 10000, 10000, 10000, 10000, 10000, 10000, 10000, 10000, 10000, 10000, 10000, 10000, 10000, 10000, 10000, 10000, 10000, 10000, 10000, 10000, 10000, 10000, 10000, 10000, 10000, 10000, 10000, 10000, 10000, 10000, 10000, 10000, 10000, 10000, 10000, 10000, 10000, 10000, 10000, 10000, 10000, 10000, 10000, 10000, 10000, 10000, 10000, 10000, 10000, 10000, 10000, 10000, 10000, 10000, 10000, 10000, 10000, 10000, 10000, 10000, 10000, 10000, 10000, 10000, 10000, 10000, 10000, 10000, 10000, 10000, 10000, 10000, 10000, 10000, 10000, 10000, 10000, 10000, 10000, 10000, 10000, 10000, 10000, 10000, 10000, 10000, 10000, 10000, 10000, 10000, 10000, 10000, 10000, 10000, 10000, 10000, 10000, 10000, 10000, 10000, 10000, 10000, 10000, 10000, 10000, 10000, 10000, 10000, 10000, 10000, 10000, 10000, 10000, 10000, 10000, 10000, 10000, 10000, 10000, 10000, 10000, 10000, 10000, 10000, 10000, 10000, 10000, 10000, 10000, 10000, 10000, 10000, 10000, 10000, 10000, 10000, 10000, 10000, 10000, 10000, 10000, 10000, 10000, 10000, 10000, 10000, 10000, 10000, 10000, 10000, 10000, 10000, 10000, 10000, 10000, 10000, 10000, 10000, 10000, 10000, 10000, 10000, 10000, 10000, 10000, 10000, 10000, 10000, 10000, 10000, 10000, 10000, 10000, 10000, 10000, 10000, 10000, 10000, 10000, 10000, 10000, 10000]


Cluster Size: 125
Prob: 0.04
Actual Prob: 0.04
Num of Tests: 10000
Design len: 200


******* BMA ALG ********
Error rate BMA: 0
Succes rate BMA: 1
SR histo BMA: 
[10000, 10000, 10000, 10000, 10000, 10000, 10000, 10000, 10000, 10000, 10000, 10000, 10000, 10000, 10000, 10000, 10000, 10000, 10000, 10000, 10000, 10000, 10000, 10000, 10000, 10000, 10000, 10000, 10000, 10000, 10000, 10000, 10000, 10000, 10000, 10000, 10000, 10000, 10000, 10000, 10000, 10000, 10000, 10000, 10000, 10000, 10000, 10000, 10000, 10000, 10000, 10000, 10000, 10000, 10000, 10000, 10000, 10000, 10000, 10000, 10000, 10000, 10000, 10000, 10000, 10000, 10000, 10000, 10000, 10000, 10000, 10000, 10000, 10000, 10000, 10000, 10000, 10000, 10000, 10000, 10000, 10000, 10000, 10000, 10000, 10000, 10000, 10000, 10000, 10000, 10000, 10000, 10000, 10000, 10000, 10000, 10000, 10000, 10000, 10000, 10000, 10000, 10000, 10000, 10000, 10000, 10000, 10000, 10000, 10000, 10000, 10000, 10000, 10000, 10000, 10000, 10000, 10000, 10000, 10000, 10000, 10000, 10000, 10000, 10000, 10000, 10000, 10000, 10000, 10000, 10000, 10000, 10000, 10000, 10000, 10000, 10000, 10000, 10000, 10000, 10000, 10000, 10000, 10000, 10000, 10000, 10000, 10000, 10000, 10000, 10000, 10000, 10000, 10000, 10000, 10000, 10000, 10000, 10000, 10000, 10000, 10000, 10000, 10000, 10000, 10000, 10000, 10000, 10000, 10000, 10000, 10000, 10000, 10000, 10000, 10000, 10000, 10000, 10000, 10000, 10000, 10000, 10000, 10000, 10000, 10000, 10000, 10000, 10000, 10000, 10000, 10000, 10000, 10000, 10000, 10000, 10000, 10000, 10000, 10000]


Cluster Size: 125
Prob: 0.05
Actual Prob: 0.05
Num of Tests: 10000
Design len: 200


******* BMA ALG ********
Error rate BMA: 0
Succes rate BMA: 1
SR histo BMA: 
[10000, 10000, 10000, 10000, 10000, 10000, 10000, 10000, 10000, 10000, 10000, 10000, 10000, 10000, 10000, 10000, 10000, 10000, 10000, 10000, 10000, 10000, 10000, 10000, 10000, 10000, 10000, 10000, 10000, 10000, 10000, 10000, 10000, 10000, 10000, 10000, 10000, 10000, 10000, 10000, 10000, 10000, 10000, 10000, 10000, 10000, 10000, 10000, 10000, 10000, 10000, 10000, 10000, 10000, 10000, 10000, 10000, 10000, 10000, 10000, 10000, 10000, 10000, 10000, 10000, 10000, 10000, 10000, 10000, 10000, 10000, 10000, 10000, 10000, 10000, 10000, 10000, 10000, 10000, 10000, 10000, 10000, 10000, 10000, 10000, 10000, 10000, 10000, 10000, 10000, 10000, 10000, 10000, 10000, 10000, 10000, 10000, 10000, 10000, 10000, 10000, 10000, 10000, 10000, 10000, 10000, 10000, 10000, 10000, 10000, 10000, 10000, 10000, 10000, 10000, 10000, 10000, 10000, 10000, 10000, 10000, 10000, 10000, 10000, 10000, 10000, 10000, 10000, 10000, 10000, 10000, 10000, 10000, 10000, 10000, 10000, 10000, 10000, 10000, 10000, 10000, 10000, 10000, 10000, 10000, 10000, 10000, 10000, 10000, 10000, 10000, 10000, 10000, 10000, 10000, 10000, 10000, 10000, 10000, 10000, 10000, 10000, 10000, 10000, 10000, 10000, 10000, 10000, 10000, 10000, 10000, 10000, 10000, 10000, 10000, 10000, 10000, 10000, 10000, 10000, 10000, 10000, 10000, 10000, 10000, 10000, 10000, 10000, 10000, 10000, 10000, 10000, 10000, 10000, 10000, 10000, 10000, 10000, 10000, 10000]


Cluster Size: 125
Prob: 0.06
Actual Prob: 0.06
Num of Tests: 10000
Design len: 200


******* BMA ALG ********
Error rate BMA: 7e-06
Succes rate BMA: 0.9998
SR histo BMA: 
[9998, 9998, 9999, 9999, 9999, 9999, 9999, 9999, 9999, 9999, 9999, 9999, 10000, 10000, 10000, 10000, 10000, 10000, 10000, 10000, 10000, 10000, 10000, 10000, 10000, 10000, 10000, 10000, 10000, 10000, 10000, 10000, 10000, 10000, 10000, 10000, 10000, 10000, 10000, 10000, 10000, 10000, 10000, 10000, 10000, 10000, 10000, 10000, 10000, 10000, 10000, 10000, 10000, 10000, 10000, 10000, 10000, 10000, 10000, 10000, 10000, 10000, 10000, 10000, 10000, 10000, 10000, 10000, 10000, 10000, 10000, 10000, 10000, 10000, 10000, 10000, 10000, 10000, 10000, 10000, 10000, 10000, 10000, 10000, 10000, 10000, 10000, 10000, 10000, 10000, 10000, 10000, 10000, 10000, 10000, 10000, 10000, 10000, 10000, 10000, 10000, 10000, 10000, 10000, 10000, 10000, 10000, 10000, 10000, 10000, 10000, 10000, 10000, 10000, 10000, 10000, 10000, 10000, 10000, 10000, 10000, 10000, 10000, 10000, 10000, 10000, 10000, 10000, 10000, 10000, 10000, 10000, 10000, 10000, 10000, 10000, 10000, 10000, 10000, 10000, 10000, 10000, 10000, 10000, 10000, 10000, 10000, 10000, 10000, 10000, 10000, 10000, 10000, 10000, 10000, 10000, 10000, 10000, 10000, 10000, 10000, 10000, 10000, 10000, 10000, 10000, 10000, 10000, 10000, 10000, 10000, 10000, 10000, 10000, 10000, 10000, 10000, 10000, 10000, 10000, 10000, 10000, 10000, 10000, 10000, 10000, 10000, 10000, 10000, 10000, 10000, 10000, 10000, 10000, 10000, 10000, 10000, 10000, 10000, 10000]


Cluster Size: 125
Prob: 0.07
Actual Prob: 0.07
Num of Tests: 10000
Design len: 200


******* BMA ALG ********
Error rate BMA: 8.55e-05
Succes rate BMA: 0.9983
SR histo BMA: 
[9983, 9983, 9987, 9988, 9991, 9991, 9993, 9993, 9996, 9996, 9997, 9997, 9997, 9997, 9998, 9998, 9998, 9998, 9998, 9998, 9998, 9998, 9998, 9998, 9998, 9998, 9998, 9998, 9998, 9998, 9998, 9998, 9998, 9998, 9998, 9998, 9998, 9998, 9998, 9998, 9998, 9998, 9998, 9998, 10000, 10000, 10000, 10000, 10000, 10000, 10000, 10000, 10000, 10000, 10000, 10000, 10000, 10000, 10000, 10000, 10000, 10000, 10000, 10000, 10000, 10000, 10000, 10000, 10000, 10000, 10000, 10000, 10000, 10000, 10000, 10000, 10000, 10000, 10000, 10000, 10000, 10000, 10000, 10000, 10000, 10000, 10000, 10000, 10000, 10000, 10000, 10000, 10000, 10000, 10000, 10000, 10000, 10000, 10000, 10000, 10000, 10000, 10000, 10000, 10000, 10000, 10000, 10000, 10000, 10000, 10000, 10000, 10000, 10000, 10000, 10000, 10000, 10000, 10000, 10000, 10000, 10000, 10000, 10000, 10000, 10000, 10000, 10000, 10000, 10000, 10000, 10000, 10000, 10000, 10000, 10000, 10000, 10000, 10000, 10000, 10000, 10000, 10000, 10000, 10000, 10000, 10000, 10000, 10000, 10000, 10000, 10000, 10000, 10000, 10000, 10000, 10000, 10000, 10000, 10000, 10000, 10000, 10000, 10000, 10000, 10000, 10000, 10000, 10000, 10000, 10000, 10000, 10000, 10000, 10000, 10000, 10000, 10000, 10000, 10000, 10000, 10000, 10000, 10000, 10000, 10000, 10000, 10000, 10000, 10000, 10000, 10000, 10000, 10000, 10000, 10000, 10000, 10000, 10000, 10000]


Cluster Size: 125
Prob: 0.08
Actual Prob: 0.08
Num of Tests: 10000
Design len: 200


******* BMA ALG ********
Error rate BMA: 0.000367
Succes rate BMA: 0.9952
SR histo BMA: 
[9952, 9952, 9964, 9965, 9969, 9970, 9972, 9973, 9975, 9975, 9977, 9977, 9977, 9978, 9980, 9981, 9983, 9985, 9987, 9987, 9988, 9988, 9989, 9989, 9989, 9989, 9990, 9990, 9991, 9991, 9991, 9991, 9992, 9993, 9994, 9994, 9995, 9995, 9997, 9997, 9997, 9997, 9997, 9997, 9997, 9997, 9997, 9998, 9998, 9998, 9998, 9998, 9998, 9998, 9998, 9998, 9999, 9999, 9999, 9999, 9999, 9999, 9999, 10000, 10000, 10000, 10000, 10000, 10000, 10000, 10000, 10000, 10000, 10000, 10000, 10000, 10000, 10000, 10000, 10000, 10000, 10000, 10000, 10000, 10000, 10000, 10000, 10000, 10000, 10000, 10000, 10000, 10000, 10000, 10000, 10000, 10000, 10000, 10000, 10000, 10000, 10000, 10000, 10000, 10000, 10000, 10000, 10000, 10000, 10000, 10000, 10000, 10000, 10000, 10000, 10000, 10000, 10000, 10000, 10000, 10000, 10000, 10000, 10000, 10000, 10000, 10000, 10000, 10000, 10000, 10000, 10000, 10000, 10000, 10000, 10000, 10000, 10000, 10000, 10000, 10000, 10000, 10000, 10000, 10000, 10000, 10000, 10000, 10000, 10000, 10000, 10000, 10000, 10000, 10000, 10000, 10000, 10000, 10000, 10000, 10000, 10000, 10000, 10000, 10000, 10000, 10000, 10000, 10000, 10000, 10000, 10000, 10000, 10000, 10000, 10000, 10000, 10000, 10000, 10000, 10000, 10000, 10000, 10000, 10000, 10000, 10000, 10000, 10000, 10000, 10000, 10000, 10000, 10000, 10000, 10000, 10000, 10000, 10000, 10000]


Cluster Size: 125
Prob: 0.09
Actual Prob: 0.09
Num of Tests: 10000
Design len: 200


******* BMA ALG ********
Error rate BMA: 0.001049
Succes rate BMA: 0.9866
SR histo BMA: 
[9866, 9866, 9890, 9893, 9903, 9905, 9913, 9916, 9922, 9925, 9935, 9936, 9946, 9947, 9950, 9951, 9954, 9954, 9960, 9962, 9965, 9968, 9970, 9971, 9973, 9973, 9978, 9979, 9979, 9980, 9982, 9982, 9983, 9983, 9984, 9984, 9985, 9985, 9986, 9988, 9990, 9990, 9990, 9990, 9991, 9991, 9991, 9991, 9992, 9993, 9994, 9995, 9996, 9996, 9996, 9996, 9996, 9996, 9996, 9996, 9996, 9996, 9996, 9997, 9997, 9998, 9998, 9998, 9998, 9998, 9998, 9998, 9998, 9999, 9999, 10000, 10000, 10000, 10000, 10000, 10000, 10000, 10000, 10000, 10000, 10000, 10000, 10000, 10000, 10000, 10000, 10000, 10000, 10000, 10000, 10000, 10000, 10000, 10000, 10000, 10000, 10000, 10000, 10000, 10000, 10000, 10000, 10000, 10000, 10000, 10000, 10000, 10000, 10000, 10000, 10000, 10000, 10000, 10000, 10000, 10000, 10000, 10000, 10000, 10000, 10000, 10000, 10000, 10000, 10000, 10000, 10000, 10000, 10000, 10000, 10000, 10000, 10000, 10000, 10000, 10000, 10000, 10000, 10000, 10000, 10000, 10000, 10000, 10000, 10000, 10000, 10000, 10000, 10000, 10000, 10000, 10000, 10000, 10000, 10000, 10000, 10000, 10000, 10000, 10000, 10000, 10000, 10000, 10000, 10000, 10000, 10000, 10000, 10000, 10000, 10000, 10000, 10000, 10000, 10000, 10000, 10000, 10000, 10000, 10000, 10000, 10000, 10000, 10000, 10000, 10000, 10000, 10000, 10000, 10000, 10000, 10000, 10000, 10000, 10000]


Cluster Size: 125
Prob: 0.1
Actual Prob: 0.1
Num of Tests: 10000
Design len: 200


******* BMA ALG ********
Error rate BMA: 0.0031485
Succes rate BMA: 0.9608
SR histo BMA: 
[9608, 9608, 9681, 9685, 9727, 9734, 9776, 9781, 9808, 9814, 9828, 9833, 9848, 9854, 9862, 9869, 9874, 9877, 9885, 9887, 9890, 9893, 9900, 9903, 9908, 9911, 9921, 9923, 9928, 9929, 9933, 9934, 9939, 9942, 9945, 9946, 9946, 9948, 9951, 9952, 9954, 9957, 9958, 9958, 9960, 9963, 9967, 9969, 9971, 9972, 9972, 9976, 9979, 9980, 9981, 9982, 9984, 9984, 9985, 9985, 9987, 9988, 9988, 9988, 9990, 9990, 9992, 9992, 9995, 9995, 9996, 9996, 9999, 9999, 9999, 9999, 9999, 9999, 9999, 9999, 9999, 9999, 9999, 9999, 10000, 10000, 10000, 10000, 10000, 10000, 10000, 10000, 10000, 10000, 10000, 10000, 10000, 10000, 10000, 10000, 10000, 10000, 10000, 10000, 10000, 10000, 10000, 10000, 10000, 10000, 10000, 10000, 10000, 10000, 10000, 10000, 10000, 10000, 10000, 10000, 10000, 10000, 10000, 10000, 10000, 10000, 10000, 10000, 10000, 10000, 10000, 10000, 10000, 10000, 10000, 10000, 10000, 10000, 10000, 10000, 10000, 10000, 10000, 10000, 10000, 10000, 10000, 10000, 10000, 10000, 10000, 10000, 10000, 10000, 10000, 10000, 10000, 10000, 10000, 10000, 10000, 10000, 10000, 10000, 10000, 10000, 10000, 10000, 10000, 10000, 10000, 10000, 10000, 10000, 10000, 10000, 10000, 10000, 10000, 10000, 10000, 10000, 10000, 10000, 10000, 10000, 10000, 10000, 10000, 10000, 10000, 10000, 10000, 10000, 10000, 10000, 10000, 10000, 10000, 10000]


Cluster Size: 125
Prob: 0.11
Actual Prob: 0.11
Num of Tests: 10000
Design len: 200


******* BMA ALG ********
Error rate BMA: 0.008023
Succes rate BMA: 0.9171
SR histo BMA: 
[9171, 9171, 9316, 9326, 9406, 9415, 9482, 9495, 9526, 9532, 9569, 9575, 9610, 9621, 9654, 9665, 9689, 9694, 9715, 9721, 9734, 9747, 9759, 9766, 9773, 9779, 9791, 9797, 9806, 9811, 9817, 9820, 9829, 9833, 9838, 9844, 9851, 9855, 9862, 9867, 9869, 9876, 9881, 9885, 9888, 9892, 9897, 9899, 9900, 9904, 9908, 9911, 9914, 9922, 9923, 9928, 9933, 9937, 9941, 9944, 9946, 9948, 9950, 9953, 9954, 9958, 9961, 9965, 9969, 9970, 9972, 9973, 9975, 9975, 9977, 9978, 9979, 9979, 9984, 9988, 9990, 9990, 9990, 9991, 9992, 9992, 9993, 9993, 9996, 9997, 9998, 9998, 9998, 9999, 9999, 10000, 10000, 10000, 10000, 10000, 10000, 10000, 10000, 10000, 10000, 10000, 10000, 10000, 10000, 10000, 10000, 10000, 10000, 10000, 10000, 10000, 10000, 10000, 10000, 10000, 10000, 10000, 10000, 10000, 10000, 10000, 10000, 10000, 10000, 10000, 10000, 10000, 10000, 10000, 10000, 10000, 10000, 10000, 10000, 10000, 10000, 10000, 10000, 10000, 10000, 10000, 10000, 10000, 10000, 10000, 10000, 10000, 10000, 10000, 10000, 10000, 10000, 10000, 10000, 10000, 10000, 10000, 10000, 10000, 10000, 10000, 10000, 10000, 10000, 10000, 10000, 10000, 10000, 10000, 10000, 10000, 10000, 10000, 10000, 10000, 10000, 10000, 10000, 10000, 10000, 10000, 10000, 10000, 10000, 10000, 10000, 10000, 10000, 10000, 10000, 10000, 10000, 10000, 10000, 10000]


Cluster Size: 125
Prob: 0.12
Actual Prob: 0.12
Num of Tests: 10000
Design len: 200


******* BMA ALG ********
Error rate BMA: 0.0156505
Succes rate BMA: 0.8491
SR histo BMA: 
[8491, 8491, 8764, 8781, 8904, 8922, 9025, 9036, 9120, 9137, 9205, 9224, 9274, 9292, 9335, 9344, 9372, 9387, 9412, 9428, 9452, 9462, 9493, 9509, 9529, 9535, 9558, 9572, 9594, 9604, 9619, 9634, 9648, 9655, 9666, 9671, 9685, 9698, 9712, 9725, 9736, 9745, 9753, 9761, 9768, 9775, 9786, 9795, 9804, 9813, 9819, 9826, 9834, 9839, 9847, 9853, 9863, 9866, 9872, 9878, 9881, 9892, 9899, 9905, 9909, 9915, 9920, 9925, 9929, 9934, 9938, 9942, 9945, 9948, 9955, 9958, 9961, 9964, 9968, 9969, 9972, 9976, 9981, 9981, 9982, 9988, 9991, 9993, 9994, 9995, 9997, 9998, 9998, 9999, 9999, 10000, 10000, 10000, 10000, 10000, 10000, 10000, 10000, 10000, 10000, 10000, 10000, 10000, 10000, 10000, 10000, 10000, 10000, 10000, 10000, 10000, 10000, 10000, 10000, 10000, 10000, 10000, 10000, 10000, 10000, 10000, 10000, 10000, 10000, 10000, 10000, 10000, 10000, 10000, 10000, 10000, 10000, 10000, 10000, 10000, 10000, 10000, 10000, 10000, 10000, 10000, 10000, 10000, 10000, 10000, 10000, 10000, 10000, 10000, 10000, 10000, 10000, 10000, 10000, 10000, 10000, 10000, 10000, 10000, 10000, 10000, 10000, 10000, 10000, 10000, 10000, 10000, 10000, 10000, 10000, 10000, 10000, 10000, 10000, 10000, 10000, 10000, 10000, 10000, 10000, 10000, 10000, 10000, 10000, 10000, 10000, 10000, 10000, 10000, 10000, 10000, 10000, 10000, 10000, 10000]


Cluster Size: 125
Prob: 0.13
Actual Prob: 0.13
Num of Tests: 10000
Design len: 200


******* BMA ALG ********
Error rate BMA: 0.032157
Succes rate BMA: 0.7469
SR histo BMA: 
[7469, 7469, 7810, 7841, 8029, 8051, 8189, 8209, 8335, 8354, 8450, 8476, 8566, 8594, 8645, 8671, 8728, 8755, 8806, 8828, 8867, 8886, 8924, 8957, 8988, 9012, 9043, 9067, 9085, 9105, 9129, 9163, 9191, 9215, 9244, 9269, 9292, 9310, 9329, 9345, 9376, 9394, 9419, 9439, 9448, 9471, 9481, 9492, 9516, 9536, 9554, 9578, 9602, 9624, 9643, 9654, 9667, 9677, 9692, 9708, 9721, 9729, 9741, 9748, 9763, 9769, 9777, 9791, 9814, 9825, 9834, 9852, 9857, 9866, 9871, 9876, 9886, 9896, 9904, 9921, 9933, 9940, 9947, 9956, 9962, 9967, 9974, 9977, 9981, 9984, 9989, 9991, 9993, 9995, 9996, 9996, 9997, 10000, 10000, 10000, 10000, 10000, 10000, 10000, 10000, 10000, 10000, 10000, 10000, 10000, 10000, 10000, 10000, 10000, 10000, 10000, 10000, 10000, 10000, 10000, 10000, 10000, 10000, 10000, 10000, 10000, 10000, 10000, 10000, 10000, 10000, 10000, 10000, 10000, 10000, 10000, 10000, 10000, 10000, 10000, 10000, 10000, 10000, 10000, 10000, 10000, 10000, 10000, 10000, 10000, 10000, 10000, 10000, 10000, 10000, 10000, 10000, 10000, 10000, 10000, 10000, 10000, 10000, 10000, 10000, 10000, 10000, 10000, 10000, 10000, 10000, 10000, 10000, 10000, 10000, 10000, 10000, 10000, 10000, 10000, 10000, 10000, 10000, 10000, 10000, 10000, 10000, 10000, 10000, 10000, 10000, 10000, 10000, 10000, 10000, 10000, 10000, 10000, 10000, 10000]


Cluster Size: 125
Prob: 0.14
Actual Prob: 0.14
Num of Tests: 10000
Design len: 200


******* BMA ALG ********
Error rate BMA: 0.0529285
Succes rate BMA: 0.6288
SR histo BMA: 
[6288, 6288, 6777, 6803, 7024, 7056, 7256, 7291, 7431, 7460, 7557, 7592, 7688, 7720, 7799, 7833, 7911, 7950, 8014, 8054, 8119, 8156, 8219, 8262, 8304, 8335, 8387, 8414, 8457, 8497, 8536, 8561, 8594, 8628, 8661, 8690, 8722, 8755, 8792, 8819, 8852, 8881, 8924, 8963, 9001, 9030, 9065, 9096, 9124, 9149, 9194, 9220, 9243, 9277, 9317, 9344, 9372, 9399, 9427, 9463, 9494, 9525, 9547, 9572, 9588, 9607, 9622, 9645, 9668, 9685, 9706, 9731, 9747, 9771, 9792, 9810, 9825, 9843, 9854, 9862, 9879, 9885, 9899, 9916, 9929, 9939, 9948, 9958, 9971, 9974, 9982, 9983, 9988, 9989, 9990, 9992, 9995, 9997, 9997, 9998, 9999, 10000, 10000, 10000, 10000, 10000, 10000, 10000, 10000, 10000, 10000, 10000, 10000, 10000, 10000, 10000, 10000, 10000, 10000, 10000, 10000, 10000, 10000, 10000, 10000, 10000, 10000, 10000, 10000, 10000, 10000, 10000, 10000, 10000, 10000, 10000, 10000, 10000, 10000, 10000, 10000, 10000, 10000, 10000, 10000, 10000, 10000, 10000, 10000, 10000, 10000, 10000, 10000, 10000, 10000, 10000, 10000, 10000, 10000, 10000, 10000, 10000, 10000, 10000, 10000, 10000, 10000, 10000, 10000, 10000, 10000, 10000, 10000, 10000, 10000, 10000, 10000, 10000, 10000, 10000, 10000, 10000, 10000, 10000, 10000, 10000, 10000, 10000, 10000, 10000, 10000, 10000, 10000, 10000, 10000, 10000, 10000, 10000, 10000, 10000]


Cluster Size: 125
Prob: 0.15
Actual Prob: 0.15
Num of Tests: 10000
Design len: 200


******* BMA ALG ********
Error rate BMA: 0.0847315
Succes rate BMA: 0.4966
SR histo BMA: 
[4966, 4966, 5532, 5567, 5815, 5858, 6045, 6092, 6211, 6261, 6391, 6427, 6506, 6552, 6640, 6687, 6769, 6825, 6895, 6940, 7006, 7039, 7114, 7181, 7237, 7290, 7348, 7396, 7449, 7498, 7557, 7603, 7653, 7699, 7757, 7804, 7860, 7902, 7951, 8014, 8064, 8106, 8164, 8205, 8254, 8303, 8353, 8398, 8441, 8482, 8524, 8574, 8628, 8686, 8731, 8772, 8820, 8871, 8916, 8952, 8996, 9048, 9099, 9144, 9183, 9227, 9258, 9288, 9329, 9375, 9415, 9447, 9488, 9528, 9557, 9584, 9617, 9646, 9668, 9710, 9743, 9779, 9803, 9828, 9852, 9878, 9907, 9918, 9925, 9942, 9952, 9961, 9971, 9976, 9981, 9986, 9991, 9995, 9997, 9999, 9999, 10000, 10000, 10000, 10000, 10000, 10000, 10000, 10000, 10000, 10000, 10000, 10000, 10000, 10000, 10000, 10000, 10000, 10000, 10000, 10000, 10000, 10000, 10000, 10000, 10000, 10000, 10000, 10000, 10000, 10000, 10000, 10000, 10000, 10000, 10000, 10000, 10000, 10000, 10000, 10000, 10000, 10000, 10000, 10000, 10000, 10000, 10000, 10000, 10000, 10000, 10000, 10000, 10000, 10000, 10000, 10000, 10000, 10000, 10000, 10000, 10000, 10000, 10000, 10000, 10000, 10000, 10000, 10000, 10000, 10000, 10000, 10000, 10000, 10000, 10000, 10000, 10000, 10000, 10000, 10000, 10000, 10000, 10000, 10000, 10000, 10000, 10000, 10000, 10000, 10000, 10000, 10000, 10000, 10000, 10000, 10000, 10000, 10000, 10000]




Time taken by function: 908755454 microseconds
