Cluster Size: 10
Prob: 0.1
Actual Prob: 0.1
Num of Tests: 10000
Design len: 100


******* BMA ALG ********
Error rate BMA: 0.056672
Succes rate BMA: 0.5392
SR histo BMA: 
[5392, 5392, 6534, 6611, 7077, 7167, 7450, 7548, 7768, 7845, 8038, 8108, 8255, 8326, 8448, 8526, 8638, 8707, 8811, 8869, 8958, 9013, 9093, 9158, 9239, 9313, 9370, 9424, 9483, 9527, 9580, 9613, 9663, 9707, 9739, 9779, 9824, 9850, 9880, 9902, 9920, 9935, 9954, 9966, 9975, 9983, 9988, 9992, 9994, 9997, 9999, 10000, 10000, 10000, 10000, 10000, 10000, 10000, 10000, 10000, 10000, 10000, 10000, 10000, 10000, 10000, 10000, 10000, 10000, 10000, 10000, 10000, 10000, 10000, 10000, 10000, 10000, 10000, 10000, 10000, 10000, 10000, 10000, 10000, 10000, 10000, 10000, 10000, 10000, 10000, 10000, 10000, 10000, 10000, 10000, 10000, 10000, 10000, 10000, 10000]


Cluster Size: 10
Prob: 0.11
Actual Prob: 0.11
Num of Tests: 10000
Design len: 100


******* BMA ALG ********
Error rate BMA: 0.07794
Succes rate BMA: 0.425
SR histo BMA: 
[4250, 4250, 5464, 5551, 6140, 6233, 6655, 6760, 6992, 7094, 7317, 7412, 7587, 7697, 7838, 7925, 8047, 8122, 8258, 8348, 8477, 8567, 8657, 8745, 8842, 8925, 9004, 9089, 9176, 9238, 9310, 9380, 9454, 9518, 9576, 9642, 9693, 9740, 9788, 9831, 9861, 9892, 9917, 9934, 9951, 9967, 9981, 9984, 9989, 9994, 9998, 10000, 10000, 10000, 10000, 10000, 10000, 10000, 10000, 10000, 10000, 10000, 10000, 10000, 10000, 10000, 10000, 10000, 10000, 10000, 10000, 10000, 10000, 10000, 10000, 10000, 10000, 10000, 10000, 10000, 10000, 10000, 10000, 10000, 10000, 10000, 10000, 10000, 10000, 10000, 10000, 10000, 10000, 10000, 10000, 10000, 10000, 10000, 10000, 10000]


Cluster Size: 10
Prob: 0.12
Actual Prob: 0.12
Num of Tests: 10000
Design len: 100


******* BMA ALG ********
Error rate BMA: 0.10324
Succes rate BMA: 0.3185
SR histo BMA: 
[3185, 3185, 4396, 4480, 5065, 5178, 5580, 5690, 5979, 6113, 6366, 6485, 6682, 6803, 6989, 7114, 7285, 7393, 7554, 7685, 7850, 7954, 8094, 8218, 8349, 8456, 8596, 8707, 8822, 8940, 9062, 9145, 9218, 9303, 9394, 9476, 9548, 9630, 9689, 9746, 9802, 9850, 9888, 9928, 9956, 9971, 9982, 9988, 9994, 9997, 10000, 10000, 10000, 10000, 10000, 10000, 10000, 10000, 10000, 10000, 10000, 10000, 10000, 10000, 10000, 10000, 10000, 10000, 10000, 10000, 10000, 10000, 10000, 10000, 10000, 10000, 10000, 10000, 10000, 10000, 10000, 10000, 10000, 10000, 10000, 10000, 10000, 10000, 10000, 10000, 10000, 10000, 10000, 10000, 10000, 10000, 10000, 10000, 10000, 10000]


Cluster Size: 10
Prob: 0.13
Actual Prob: 0.13
Num of Tests: 10000
Design len: 100


******* BMA ALG ********
Error rate BMA: 0.130433
Succes rate BMA: 0.2253
SR histo BMA: 
[2253, 2253, 3383, 3470, 4056, 4155, 4553, 4657, 4973, 5123, 5380, 5534, 5754, 5893, 6136, 6278, 6474, 6614, 6784, 6929, 7130, 7277, 7443, 7598, 7779, 7927, 8099, 8249, 8382, 8508, 8647, 8774, 8898, 9008, 9126, 9239, 9339, 9430, 9531, 9611, 9699, 9771, 9828, 9882, 9911, 9932, 9957, 9974, 9986, 9991, 9994, 9996, 9999, 10000, 10000, 10000, 10000, 10000, 10000, 10000, 10000, 10000, 10000, 10000, 10000, 10000, 10000, 10000, 10000, 10000, 10000, 10000, 10000, 10000, 10000, 10000, 10000, 10000, 10000, 10000, 10000, 10000, 10000, 10000, 10000, 10000, 10000, 10000, 10000, 10000, 10000, 10000, 10000, 10000, 10000, 10000, 10000, 10000, 10000, 10000]


Cluster Size: 10
Prob: 0.14
Actual Prob: 0.14
Num of Tests: 10000
Design len: 100


******* BMA ALG ********
Error rate BMA: 0.15484
Succes rate BMA: 0.163
SR histo BMA: 
[1630, 1630, 2593, 2663, 3226, 3333, 3719, 3852, 4170, 4312, 4556, 4730, 4983, 5141, 5370, 5535, 5740, 5916, 6144, 6289, 6472, 6634, 6807, 6984, 7159, 7321, 7502, 7691, 7870, 8032, 8197, 8352, 8517, 8683, 8822, 8964, 9116, 9250, 9376, 9465, 9567, 9662, 9742, 9811, 9864, 9905, 9934, 9962, 9980, 9991, 9997, 9999, 10000, 10000, 10000, 10000, 10000, 10000, 10000, 10000, 10000, 10000, 10000, 10000, 10000, 10000, 10000, 10000, 10000, 10000, 10000, 10000, 10000, 10000, 10000, 10000, 10000, 10000, 10000, 10000, 10000, 10000, 10000, 10000, 10000, 10000, 10000, 10000, 10000, 10000, 10000, 10000, 10000, 10000, 10000, 10000, 10000, 10000, 10000, 10000]


Cluster Size: 10
Prob: 0.15
Actual Prob: 0.15
Num of Tests: 10000
Design len: 100


******* BMA ALG ********
Error rate BMA: 0.185884
Succes rate BMA: 0.0976
SR histo BMA: 
[976, 976, 1739, 1801, 2273, 2375, 2722, 2866, 3144, 3274, 3536, 3688, 3931, 4128, 4346, 4508, 4746, 4896, 5118, 5311, 5551, 5737, 5945, 6130, 6341, 6541, 6753, 6972, 7181, 7415, 7645, 7868, 8066, 8262, 8455, 8645, 8812, 8987, 9156, 9306, 9445, 9571, 9665, 9751, 9835, 9884, 9924, 9957, 9980, 9989, 9995, 9998, 10000, 10000, 10000, 10000, 10000, 10000, 10000, 10000, 10000, 10000, 10000, 10000, 10000, 10000, 10000, 10000, 10000, 10000, 10000, 10000, 10000, 10000, 10000, 10000, 10000, 10000, 10000, 10000, 10000, 10000, 10000, 10000, 10000, 10000, 10000, 10000, 10000, 10000, 10000, 10000, 10000, 10000, 10000, 10000, 10000, 10000, 10000, 10000]


Cluster Size: 10
Prob: 0.16
Actual Prob: 0.16
Num of Tests: 10000
Design len: 100


******* BMA ALG ********
Error rate BMA: 0.212257
Succes rate BMA: 0.059
SR histo BMA: 
[590, 590, 1154, 1204, 1558, 1649, 1964, 2092, 2354, 2490, 2728, 2865, 3061, 3236, 3449, 3603, 3809, 4017, 4255, 4459, 4684, 4908, 5137, 5383, 5610, 5832, 6112, 6376, 6641, 6873, 7142, 7366, 7603, 7840, 8089, 8310, 8520, 8747, 8955, 9115, 9279, 9432, 9567, 9694, 9783, 9858, 9898, 9941, 9958, 9982, 9992, 9996, 9996, 9998, 9999, 10000, 10000, 10000, 10000, 10000, 10000, 10000, 10000, 10000, 10000, 10000, 10000, 10000, 10000, 10000, 10000, 10000, 10000, 10000, 10000, 10000, 10000, 10000, 10000, 10000, 10000, 10000, 10000, 10000, 10000, 10000, 10000, 10000, 10000, 10000, 10000, 10000, 10000, 10000, 10000, 10000, 10000, 10000, 10000, 10000]


Cluster Size: 10
Prob: 0.17
Actual Prob: 0.17
Num of Tests: 10000
Design len: 100


******* BMA ALG ********
Error rate BMA: 0.235018
Succes rate BMA: 0.0373
SR histo BMA: 
[373, 373, 783, 820, 1117, 1192, 1440, 1550, 1775, 1898, 2105, 2242, 2417, 2552, 2763, 2937, 3148, 3315, 3528, 3724, 3959, 4183, 4447, 4700, 4988, 5246, 5501, 5773, 6009, 6272, 6537, 6820, 7073, 7340, 7630, 7886, 8138, 8377, 8617, 8849, 9053, 9261, 9451, 9600, 9708, 9812, 9868, 9918, 9952, 9975, 9990, 9998, 9999, 10000, 10000, 10000, 10000, 10000, 10000, 10000, 10000, 10000, 10000, 10000, 10000, 10000, 10000, 10000, 10000, 10000, 10000, 10000, 10000, 10000, 10000, 10000, 10000, 10000, 10000, 10000, 10000, 10000, 10000, 10000, 10000, 10000, 10000, 10000, 10000, 10000, 10000, 10000, 10000, 10000, 10000, 10000, 10000, 10000, 10000, 10000]


Cluster Size: 10
Prob: 0.18
Actual Prob: 0.18
Num of Tests: 10000
Design len: 100


******* BMA ALG ********
Error rate BMA: 0.260142
Succes rate BMA: 0.0199
SR histo BMA: 
[199, 200, 470, 499, 724, 786, 975, 1070, 1249, 1343, 1484, 1602, 1782, 1925, 2106, 2263, 2412, 2586, 2775, 2965, 3211, 3410, 3649, 3905, 4139, 4397, 4665, 4944, 5249, 5551, 5860, 6137, 6464, 6757, 7048, 7345, 7661, 7959, 8243, 8515, 8786, 9036, 9268, 9437, 9590, 9688, 9794, 9879, 9922, 9960, 9981, 9994, 9999, 10000, 10000, 10000, 10000, 10000, 10000, 10000, 10000, 10000, 10000, 10000, 10000, 10000, 10000, 10000, 10000, 10000, 10000, 10000, 10000, 10000, 10000, 10000, 10000, 10000, 10000, 10000, 10000, 10000, 10000, 10000, 10000, 10000, 10000, 10000, 10000, 10000, 10000, 10000, 10000, 10000, 10000, 10000, 10000, 10000, 10000, 10000]


Cluster Size: 10
Prob: 0.19
Actual Prob: 0.19
Num of Tests: 10000
Design len: 100


******* BMA ALG ********
Error rate BMA: 0.28146
Succes rate BMA: 0.0109
SR histo BMA: 
[109, 110, 267, 287, 414, 452, 592, 650, 780, 863, 987, 1072, 1189, 1311, 1480, 1614, 1792, 1954, 2147, 2321, 2535, 2728, 2960, 3181, 3437, 3689, 3962, 4226, 4534, 4845, 5156, 5495, 5834, 6194, 6569, 6958, 7296, 7641, 7987, 8278, 8563, 8859, 9121, 9351, 9524, 9690, 9809, 9873, 9920, 9959, 9983, 9994, 9998, 10000, 10000, 10000, 10000, 10000, 10000, 10000, 10000, 10000, 10000, 10000, 10000, 10000, 10000, 10000, 10000, 10000, 10000, 10000, 10000, 10000, 10000, 10000, 10000, 10000, 10000, 10000, 10000, 10000, 10000, 10000, 10000, 10000, 10000, 10000, 10000, 10000, 10000, 10000, 10000, 10000, 10000, 10000, 10000, 10000, 10000, 10000]


Cluster Size: 10
Prob: 0.2
Actual Prob: 0.2
Num of Tests: 10000
Design len: 100


******* BMA ALG ********
Error rate BMA: 0.30158
Succes rate BMA: 0.0038
SR histo BMA: 
[38, 38, 131, 137, 221, 238, 340, 373, 463, 527, 624, 693, 806, 891, 1016, 1140, 1276, 1389, 1537, 1707, 1907, 2110, 2327, 2559, 2782, 3025, 3266, 3584, 3844, 4156, 4481, 4817, 5196, 5578, 5981, 6410, 6806, 7177, 7539, 7907, 8247, 8591, 8914, 9192, 9423, 9600, 9735, 9848, 9914, 9959, 9975, 9991, 9996, 9999, 9999, 10000, 10000, 10000, 10000, 10000, 10000, 10000, 10000, 10000, 10000, 10000, 10000, 10000, 10000, 10000, 10000, 10000, 10000, 10000, 10000, 10000, 10000, 10000, 10000, 10000, 10000, 10000, 10000, 10000, 10000, 10000, 10000, 10000, 10000, 10000, 10000, 10000, 10000, 10000, 10000, 10000, 10000, 10000, 10000, 10000]




Time taken by function: 68667831 microseconds
