Cluster Size: 10
Prob: 0.01
Actual Prob: 0.01
Num of Tests: 10000
Design len: 200


******* BMA ALG ********
Error rate BMA: 3e-06
Succes rate BMA: 0.9999
SR histo BMA: 
[9999, 9999, 9999, 9999, 9999, 9999, 10000, 10000, 10000, 10000, 10000, 10000, 10000, 10000, 10000, 10000, 10000, 10000, 10000, 10000, 10000, 10000, 10000, 10000, 10000, 10000, 10000, 10000, 10000, 10000, 10000, 10000, 10000, 10000, 10000, 10000, 10000, 10000, 10000, 10000, 10000, 10000, 10000, 10000, 10000, 10000, 10000, 10000, 10000, 10000, 10000, 10000, 10000, 10000, 10000, 10000, 10000, 10000, 10000, 10000, 10000, 10000, 10000, 10000, 10000, 10000, 10000, 10000, 10000, 10000, 10000, 10000, 10000, 10000, 10000, 10000, 10000, 10000, 10000, 10000, 10000, 10000, 10000, 10000, 10000, 10000, 10000, 10000, 10000, 10000, 10000, 10000, 10000, 10000, 10000, 10000, 10000, 10000, 10000, 10000, 10000, 10000, 10000, 10000, 10000, 10000, 10000, 10000, 10000, 10000, 10000, 10000, 10000, 10000, 10000, 10000, 10000, 10000, 10000, 10000, 10000, 10000, 10000, 10000, 10000, 10000, 10000, 10000, 10000, 10000, 10000, 10000, 10000, 10000, 10000, 10000, 10000, 10000, 10000, 10000, 10000, 10000, 10000, 10000, 10000, 10000, 10000, 10000, 10000, 10000, 10000, 10000, 10000, 10000, 10000, 10000, 10000, 10000, 10000, 10000, 10000, 10000, 10000, 10000, 10000, 10000, 10000, 10000, 10000, 10000, 10000, 10000, 10000, 10000, 10000, 10000, 10000, 10000, 10000, 10000, 10000, 10000, 10000, 10000, 10000, 10000, 10000, 10000, 10000, 10000, 10000, 10000, 10000, 10000, 10000, 10000, 10000, 10000, 10000, 10000]


Cluster Size: 10
Prob: 0.02
Actual Prob: 0.02
Num of Tests: 10000
Design len: 200


******* BMA ALG ********
Error rate BMA: 3.4e-05
Succes rate BMA: 0.9987
SR histo BMA: 
[9987, 9987, 9991, 9991, 9997, 9997, 9997, 9997, 9997, 9997, 9998, 9998, 9999, 9999, 10000, 10000, 10000, 10000, 10000, 10000, 10000, 10000, 10000, 10000, 10000, 10000, 10000, 10000, 10000, 10000, 10000, 10000, 10000, 10000, 10000, 10000, 10000, 10000, 10000, 10000, 10000, 10000, 10000, 10000, 10000, 10000, 10000, 10000, 10000, 10000, 10000, 10000, 10000, 10000, 10000, 10000, 10000, 10000, 10000, 10000, 10000, 10000, 10000, 10000, 10000, 10000, 10000, 10000, 10000, 10000, 10000, 10000, 10000, 10000, 10000, 10000, 10000, 10000, 10000, 10000, 10000, 10000, 10000, 10000, 10000, 10000, 10000, 10000, 10000, 10000, 10000, 10000, 10000, 10000, 10000, 10000, 10000, 10000, 10000, 10000, 10000, 10000, 10000, 10000, 10000, 10000, 10000, 10000, 10000, 10000, 10000, 10000, 10000, 10000, 10000, 10000, 10000, 10000, 10000, 10000, 10000, 10000, 10000, 10000, 10000, 10000, 10000, 10000, 10000, 10000, 10000, 10000, 10000, 10000, 10000, 10000, 10000, 10000, 10000, 10000, 10000, 10000, 10000, 10000, 10000, 10000, 10000, 10000, 10000, 10000, 10000, 10000, 10000, 10000, 10000, 10000, 10000, 10000, 10000, 10000, 10000, 10000, 10000, 10000, 10000, 10000, 10000, 10000, 10000, 10000, 10000, 10000, 10000, 10000, 10000, 10000, 10000, 10000, 10000, 10000, 10000, 10000, 10000, 10000, 10000, 10000, 10000, 10000, 10000, 10000, 10000, 10000, 10000, 10000, 10000, 10000, 10000, 10000, 10000, 10000]


Cluster Size: 10
Prob: 0.03
Actual Prob: 0.03
Num of Tests: 10000
Design len: 200


******* BMA ALG ********
Error rate BMA: 0.00055
Succes rate BMA: 0.9897
SR histo BMA: 
[9897, 9897, 9927, 9928, 9944, 9946, 9956, 9957, 9971, 9972, 9976, 9977, 9980, 9980, 9983, 9984, 9985, 9985, 9987, 9987, 9990, 9990, 9990, 9990, 9990, 9990, 9991, 9991, 9992, 9992, 9992, 9992, 9992, 9992, 9992, 9992, 9992, 9992, 9993, 9993, 9993, 9993, 9993, 9993, 9993, 9993, 9994, 9995, 9995, 9995, 9995, 9995, 9995, 9995, 9995, 9995, 9995, 9995, 9995, 9995, 9996, 9997, 9997, 9997, 9997, 9997, 9997, 9997, 9998, 9998, 9998, 9998, 9999, 10000, 10000, 10000, 10000, 10000, 10000, 10000, 10000, 10000, 10000, 10000, 10000, 10000, 10000, 10000, 10000, 10000, 10000, 10000, 10000, 10000, 10000, 10000, 10000, 10000, 10000, 10000, 10000, 10000, 10000, 10000, 10000, 10000, 10000, 10000, 10000, 10000, 10000, 10000, 10000, 10000, 10000, 10000, 10000, 10000, 10000, 10000, 10000, 10000, 10000, 10000, 10000, 10000, 10000, 10000, 10000, 10000, 10000, 10000, 10000, 10000, 10000, 10000, 10000, 10000, 10000, 10000, 10000, 10000, 10000, 10000, 10000, 10000, 10000, 10000, 10000, 10000, 10000, 10000, 10000, 10000, 10000, 10000, 10000, 10000, 10000, 10000, 10000, 10000, 10000, 10000, 10000, 10000, 10000, 10000, 10000, 10000, 10000, 10000, 10000, 10000, 10000, 10000, 10000, 10000, 10000, 10000, 10000, 10000, 10000, 10000, 10000, 10000, 10000, 10000, 10000, 10000, 10000, 10000, 10000, 10000, 10000, 10000, 10000, 10000, 10000, 10000]


Cluster Size: 10
Prob: 0.04
Actual Prob: 0.04
Num of Tests: 10000
Design len: 200


******* BMA ALG ********
Error rate BMA: 0.002587
Succes rate BMA: 0.9607
SR histo BMA: 
[9607, 9607, 9731, 9735, 9781, 9787, 9818, 9821, 9848, 9852, 9864, 9866, 9882, 9884, 9893, 9896, 9900, 9900, 9909, 9910, 9915, 9917, 9921, 9923, 9929, 9932, 9937, 9942, 9947, 9948, 9951, 9953, 9957, 9957, 9961, 9961, 9964, 9965, 9965, 9965, 9965, 9966, 9968, 9968, 9971, 9971, 9972, 9972, 9975, 9975, 9977, 9979, 9981, 9982, 9982, 9983, 9984, 9984, 9986, 9988, 9989, 9989, 9991, 9991, 9991, 9991, 9993, 9993, 9994, 9996, 9997, 9997, 9997, 9998, 9998, 9998, 9998, 9998, 9998, 9999, 10000, 10000, 10000, 10000, 10000, 10000, 10000, 10000, 10000, 10000, 10000, 10000, 10000, 10000, 10000, 10000, 10000, 10000, 10000, 10000, 10000, 10000, 10000, 10000, 10000, 10000, 10000, 10000, 10000, 10000, 10000, 10000, 10000, 10000, 10000, 10000, 10000, 10000, 10000, 10000, 10000, 10000, 10000, 10000, 10000, 10000, 10000, 10000, 10000, 10000, 10000, 10000, 10000, 10000, 10000, 10000, 10000, 10000, 10000, 10000, 10000, 10000, 10000, 10000, 10000, 10000, 10000, 10000, 10000, 10000, 10000, 10000, 10000, 10000, 10000, 10000, 10000, 10000, 10000, 10000, 10000, 10000, 10000, 10000, 10000, 10000, 10000, 10000, 10000, 10000, 10000, 10000, 10000, 10000, 10000, 10000, 10000, 10000, 10000, 10000, 10000, 10000, 10000, 10000, 10000, 10000, 10000, 10000, 10000, 10000, 10000, 10000, 10000, 10000, 10000, 10000, 10000, 10000, 10000, 10000]


Cluster Size: 10
Prob: 0.05
Actual Prob: 0.05
Num of Tests: 10000
Design len: 200


******* BMA ALG ********
Error rate BMA: 0.0068505
Succes rate BMA: 0.9036
SR histo BMA: 
[9036, 9036, 9330, 9340, 9461, 9468, 9535, 9543, 9596, 9597, 9622, 9626, 9661, 9668, 9689, 9693, 9714, 9719, 9736, 9742, 9757, 9763, 9783, 9791, 9802, 9808, 9818, 9820, 9825, 9829, 9838, 9848, 9858, 9868, 9873, 9879, 9890, 9896, 9906, 9911, 9914, 9917, 9923, 9926, 9934, 9935, 9943, 9945, 9948, 9952, 9955, 9956, 9957, 9960, 9965, 9967, 9967, 9968, 9971, 9973, 9975, 9977, 9981, 9982, 9983, 9986, 9986, 9989, 9989, 9989, 9991, 9991, 9991, 9992, 9994, 9995, 9997, 9997, 9997, 9997, 9997, 9997, 9997, 9997, 9997, 9997, 9997, 9998, 9998, 9998, 9998, 9999, 9999, 10000, 10000, 10000, 10000, 10000, 10000, 10000, 10000, 10000, 10000, 10000, 10000, 10000, 10000, 10000, 10000, 10000, 10000, 10000, 10000, 10000, 10000, 10000, 10000, 10000, 10000, 10000, 10000, 10000, 10000, 10000, 10000, 10000, 10000, 10000, 10000, 10000, 10000, 10000, 10000, 10000, 10000, 10000, 10000, 10000, 10000, 10000, 10000, 10000, 10000, 10000, 10000, 10000, 10000, 10000, 10000, 10000, 10000, 10000, 10000, 10000, 10000, 10000, 10000, 10000, 10000, 10000, 10000, 10000, 10000, 10000, 10000, 10000, 10000, 10000, 10000, 10000, 10000, 10000, 10000, 10000, 10000, 10000, 10000, 10000, 10000, 10000, 10000, 10000, 10000, 10000, 10000, 10000, 10000, 10000, 10000, 10000, 10000, 10000, 10000, 10000, 10000, 10000, 10000, 10000, 10000, 10000]


Cluster Size: 10
Prob: 0.06
Actual Prob: 0.06
Num of Tests: 10000
Design len: 200


******* BMA ALG ********
Error rate BMA: 0.014132
Succes rate BMA: 0.8187
SR histo BMA: 
[8187, 8187, 8705, 8717, 8922, 8946, 9064, 9091, 9190, 9202, 9260, 9269, 9319, 9330, 9374, 9383, 9429, 9439, 9468, 9487, 9519, 9532, 9565, 9580, 9598, 9616, 9645, 9652, 9668, 9677, 9695, 9707, 9720, 9725, 9736, 9740, 9747, 9753, 9766, 9777, 9792, 9798, 9809, 9818, 9828, 9835, 9843, 9853, 9862, 9865, 9874, 9883, 9887, 9893, 9898, 9904, 9906, 9912, 9918, 9921, 9922, 9930, 9930, 9937, 9944, 9947, 9950, 9954, 9956, 9961, 9965, 9967, 9968, 9969, 9970, 9973, 9974, 9978, 9980, 9983, 9984, 9984, 9986, 9989, 9990, 9991, 9991, 9994, 9995, 9997, 9998, 9998, 9998, 9999, 9999, 9999, 10000, 10000, 10000, 10000, 10000, 10000, 10000, 10000, 10000, 10000, 10000, 10000, 10000, 10000, 10000, 10000, 10000, 10000, 10000, 10000, 10000, 10000, 10000, 10000, 10000, 10000, 10000, 10000, 10000, 10000, 10000, 10000, 10000, 10000, 10000, 10000, 10000, 10000, 10000, 10000, 10000, 10000, 10000, 10000, 10000, 10000, 10000, 10000, 10000, 10000, 10000, 10000, 10000, 10000, 10000, 10000, 10000, 10000, 10000, 10000, 10000, 10000, 10000, 10000, 10000, 10000, 10000, 10000, 10000, 10000, 10000, 10000, 10000, 10000, 10000, 10000, 10000, 10000, 10000, 10000, 10000, 10000, 10000, 10000, 10000, 10000, 10000, 10000, 10000, 10000, 10000, 10000, 10000, 10000, 10000, 10000, 10000, 10000, 10000, 10000, 10000, 10000, 10000, 10000]


Cluster Size: 10
Prob: 0.07
Actual Prob: 0.07
Num of Tests: 10000
Design len: 200


******* BMA ALG ********
Error rate BMA: 0.027569
Succes rate BMA: 0.7113
SR histo BMA: 
[7113, 7113, 7798, 7823, 8124, 8148, 8336, 8363, 8506, 8525, 8618, 8639, 8734, 8759, 8816, 8840, 8897, 8920, 8956, 8977, 9031, 9061, 9098, 9124, 9170, 9190, 9215, 9234, 9265, 9284, 9318, 9337, 9359, 9377, 9401, 9414, 9440, 9451, 9475, 9490, 9512, 9527, 9548, 9562, 9583, 9609, 9623, 9639, 9657, 9672, 9681, 9697, 9707, 9718, 9741, 9759, 9771, 9781, 9794, 9802, 9810, 9819, 9827, 9838, 9850, 9861, 9867, 9880, 9889, 9898, 9903, 9911, 9918, 9927, 9931, 9940, 9945, 9952, 9964, 9966, 9971, 9978, 9979, 9980, 9983, 9987, 9987, 9992, 9995, 9996, 9998, 9999, 9999, 10000, 10000, 10000, 10000, 10000, 10000, 10000, 10000, 10000, 10000, 10000, 10000, 10000, 10000, 10000, 10000, 10000, 10000, 10000, 10000, 10000, 10000, 10000, 10000, 10000, 10000, 10000, 10000, 10000, 10000, 10000, 10000, 10000, 10000, 10000, 10000, 10000, 10000, 10000, 10000, 10000, 10000, 10000, 10000, 10000, 10000, 10000, 10000, 10000, 10000, 10000, 10000, 10000, 10000, 10000, 10000, 10000, 10000, 10000, 10000, 10000, 10000, 10000, 10000, 10000, 10000, 10000, 10000, 10000, 10000, 10000, 10000, 10000, 10000, 10000, 10000, 10000, 10000, 10000, 10000, 10000, 10000, 10000, 10000, 10000, 10000, 10000, 10000, 10000, 10000, 10000, 10000, 10000, 10000, 10000, 10000, 10000, 10000, 10000, 10000, 10000, 10000, 10000, 10000, 10000, 10000, 10000]


Cluster Size: 10
Prob: 0.08
Actual Prob: 0.08
Num of Tests: 10000
Design len: 200


******* BMA ALG ********
Error rate BMA: 0.0490865
Succes rate BMA: 0.5626
SR histo BMA: 
[5626, 5626, 6493, 6540, 6931, 6970, 7198, 7241, 7441, 7478, 7627, 7658, 7776, 7810, 7892, 7934, 8027, 8073, 8145, 8185, 8249, 8295, 8365, 8393, 8456, 8484, 8539, 8569, 8621, 8663, 8716, 8753, 8793, 8825, 8874, 8921, 8953, 8987, 9021, 9046, 9070, 9103, 9134, 9164, 9200, 9227, 9249, 9273, 9300, 9332, 9358, 9388, 9421, 9445, 9467, 9488, 9512, 9541, 9566, 9588, 9609, 9629, 9649, 9664, 9685, 9701, 9719, 9735, 9748, 9769, 9787, 9803, 9815, 9825, 9843, 9852, 9862, 9877, 9893, 9905, 9915, 9924, 9937, 9945, 9951, 9958, 9963, 9969, 9973, 9979, 9986, 9986, 9987, 9989, 9990, 9995, 9996, 9997, 9998, 9999, 10000, 10000, 10000, 10000, 10000, 10000, 10000, 10000, 10000, 10000, 10000, 10000, 10000, 10000, 10000, 10000, 10000, 10000, 10000, 10000, 10000, 10000, 10000, 10000, 10000, 10000, 10000, 10000, 10000, 10000, 10000, 10000, 10000, 10000, 10000, 10000, 10000, 10000, 10000, 10000, 10000, 10000, 10000, 10000, 10000, 10000, 10000, 10000, 10000, 10000, 10000, 10000, 10000, 10000, 10000, 10000, 10000, 10000, 10000, 10000, 10000, 10000, 10000, 10000, 10000, 10000, 10000, 10000, 10000, 10000, 10000, 10000, 10000, 10000, 10000, 10000, 10000, 10000, 10000, 10000, 10000, 10000, 10000, 10000, 10000, 10000, 10000, 10000, 10000, 10000, 10000, 10000, 10000, 10000, 10000, 10000, 10000, 10000, 10000, 10000]


Cluster Size: 10
Prob: 0.09
Actual Prob: 0.09
Num of Tests: 10000
Design len: 200


******* BMA ALG ********
Error rate BMA: 0.0770135
Succes rate BMA: 0.4161
SR histo BMA: 
[4161, 4161, 5149, 5182, 5640, 5696, 5996, 6051, 6247, 6297, 6462, 6516, 6653, 6707, 6835, 6878, 6980, 7019, 7113, 7172, 7267, 7319, 7397, 7446, 7521, 7564, 7637, 7687, 7754, 7792, 7859, 7915, 7973, 8022, 8090, 8134, 8179, 8232, 8282, 8327, 8376, 8414, 8465, 8504, 8552, 8595, 8643, 8682, 8741, 8786, 8840, 8885, 8924, 8977, 9030, 9072, 9111, 9149, 9176, 9217, 9253, 9294, 9338, 9377, 9413, 9450, 9492, 9517, 9558, 9592, 9622, 9646, 9673, 9693, 9712, 9731, 9752, 9779, 9807, 9828, 9849, 9867, 9883, 9898, 9910, 9920, 9927, 9943, 9954, 9966, 9972, 9974, 9979, 9987, 9994, 9994, 9994, 9995, 9995, 9996, 9998, 10000, 10000, 10000, 10000, 10000, 10000, 10000, 10000, 10000, 10000, 10000, 10000, 10000, 10000, 10000, 10000, 10000, 10000, 10000, 10000, 10000, 10000, 10000, 10000, 10000, 10000, 10000, 10000, 10000, 10000, 10000, 10000, 10000, 10000, 10000, 10000, 10000, 10000, 10000, 10000, 10000, 10000, 10000, 10000, 10000, 10000, 10000, 10000, 10000, 10000, 10000, 10000, 10000, 10000, 10000, 10000, 10000, 10000, 10000, 10000, 10000, 10000, 10000, 10000, 10000, 10000, 10000, 10000, 10000, 10000, 10000, 10000, 10000, 10000, 10000, 10000, 10000, 10000, 10000, 10000, 10000, 10000, 10000, 10000, 10000, 10000, 10000, 10000, 10000, 10000, 10000, 10000, 10000, 10000, 10000, 10000, 10000, 10000, 10000]


Cluster Size: 10
Prob: 0.1
Actual Prob: 0.1
Num of Tests: 10000
Design len: 200


******* BMA ALG ********
Error rate BMA: 0.113943
Succes rate BMA: 0.2809
SR histo BMA: 
[2809, 2809, 3729, 3767, 4226, 4259, 4545, 4603, 4852, 4909, 5084, 5135, 5267, 5328, 5447, 5514, 5624, 5693, 5808, 5868, 5977, 6045, 6136, 6196, 6281, 6337, 6420, 6497, 6569, 6637, 6734, 6801, 6879, 6936, 7016, 7077, 7151, 7218, 7292, 7346, 7421, 7475, 7539, 7604, 7688, 7758, 7820, 7879, 7942, 8015, 8074, 8132, 8200, 8276, 8340, 8410, 8467, 8517, 8588, 8651, 8720, 8775, 8829, 8884, 8935, 8993, 9041, 9106, 9175, 9220, 9275, 9325, 9372, 9416, 9464, 9502, 9537, 9583, 9632, 9673, 9717, 9748, 9770, 9794, 9821, 9840, 9867, 9888, 9904, 9918, 9932, 9950, 9961, 9972, 9982, 9991, 9995, 9996, 9997, 9998, 10000, 10000, 10000, 10000, 10000, 10000, 10000, 10000, 10000, 10000, 10000, 10000, 10000, 10000, 10000, 10000, 10000, 10000, 10000, 10000, 10000, 10000, 10000, 10000, 10000, 10000, 10000, 10000, 10000, 10000, 10000, 10000, 10000, 10000, 10000, 10000, 10000, 10000, 10000, 10000, 10000, 10000, 10000, 10000, 10000, 10000, 10000, 10000, 10000, 10000, 10000, 10000, 10000, 10000, 10000, 10000, 10000, 10000, 10000, 10000, 10000, 10000, 10000, 10000, 10000, 10000, 10000, 10000, 10000, 10000, 10000, 10000, 10000, 10000, 10000, 10000, 10000, 10000, 10000, 10000, 10000, 10000, 10000, 10000, 10000, 10000, 10000, 10000, 10000, 10000, 10000, 10000, 10000, 10000, 10000, 10000, 10000, 10000, 10000, 10000]


Cluster Size: 10
Prob: 0.11
Actual Prob: 0.11
Num of Tests: 10000
Design len: 200


******* BMA ALG ********
Error rate BMA: 0.147153
Succes rate BMA: 0.182
SR histo BMA: 
[1820, 1820, 2636, 2661, 3053, 3110, 3409, 3458, 3665, 3728, 3895, 3965, 4110, 4172, 4315, 4383, 4510, 4568, 4662, 4737, 4842, 4912, 5020, 5077, 5174, 5240, 5334, 5401, 5493, 5561, 5658, 5740, 5823, 5904, 5988, 6067, 6151, 6237, 6317, 6414, 6510, 6588, 6665, 6741, 6831, 6929, 6996, 7073, 7149, 7219, 7310, 7389, 7486, 7595, 7692, 7773, 7853, 7948, 8047, 8114, 8191, 8252, 8326, 8413, 8502, 8570, 8667, 8729, 8804, 8878, 8948, 9020, 9081, 9139, 9222, 9285, 9352, 9400, 9450, 9500, 9548, 9591, 9635, 9693, 9733, 9767, 9799, 9830, 9860, 9892, 9913, 9931, 9957, 9966, 9974, 9978, 9985, 9992, 9995, 9996, 9997, 9997, 9999, 9999, 10000, 10000, 10000, 10000, 10000, 10000, 10000, 10000, 10000, 10000, 10000, 10000, 10000, 10000, 10000, 10000, 10000, 10000, 10000, 10000, 10000, 10000, 10000, 10000, 10000, 10000, 10000, 10000, 10000, 10000, 10000, 10000, 10000, 10000, 10000, 10000, 10000, 10000, 10000, 10000, 10000, 10000, 10000, 10000, 10000, 10000, 10000, 10000, 10000, 10000, 10000, 10000, 10000, 10000, 10000, 10000, 10000, 10000, 10000, 10000, 10000, 10000, 10000, 10000, 10000, 10000, 10000, 10000, 10000, 10000, 10000, 10000, 10000, 10000, 10000, 10000, 10000, 10000, 10000, 10000, 10000, 10000, 10000, 10000, 10000, 10000, 10000, 10000, 10000, 10000, 10000, 10000, 10000, 10000, 10000, 10000]




Time taken by function: 219916189 microseconds
