Cluster Size: 7
Prob: 0.01
Actual Prob: 0.01
Num of Tests: 10000
Design len: 200


******* BMA ALG ********
Error rate BMA: 1.65e-05
Succes rate BMA: 0.9996
SR histo BMA: 
[9996, 9996, 9996, 9997, 9997, 9997, 9998, 9998, 9998, 9998, 9999, 9999, 9999, 9999, 10000, 10000, 10000, 10000, 10000, 10000, 10000, 10000, 10000, 10000, 10000, 10000, 10000, 10000, 10000, 10000, 10000, 10000, 10000, 10000, 10000, 10000, 10000, 10000, 10000, 10000, 10000, 10000, 10000, 10000, 10000, 10000, 10000, 10000, 10000, 10000, 10000, 10000, 10000, 10000, 10000, 10000, 10000, 10000, 10000, 10000, 10000, 10000, 10000, 10000, 10000, 10000, 10000, 10000, 10000, 10000, 10000, 10000, 10000, 10000, 10000, 10000, 10000, 10000, 10000, 10000, 10000, 10000, 10000, 10000, 10000, 10000, 10000, 10000, 10000, 10000, 10000, 10000, 10000, 10000, 10000, 10000, 10000, 10000, 10000, 10000, 10000, 10000, 10000, 10000, 10000, 10000, 10000, 10000, 10000, 10000, 10000, 10000, 10000, 10000, 10000, 10000, 10000, 10000, 10000, 10000, 10000, 10000, 10000, 10000, 10000, 10000, 10000, 10000, 10000, 10000, 10000, 10000, 10000, 10000, 10000, 10000, 10000, 10000, 10000, 10000, 10000, 10000, 10000, 10000, 10000, 10000, 10000, 10000, 10000, 10000, 10000, 10000, 10000, 10000, 10000, 10000, 10000, 10000, 10000, 10000, 10000, 10000, 10000, 10000, 10000, 10000, 10000, 10000, 10000, 10000, 10000, 10000, 10000, 10000, 10000, 10000, 10000, 10000, 10000, 10000, 10000, 10000, 10000, 10000, 10000, 10000, 10000, 10000, 10000, 10000, 10000, 10000, 10000, 10000, 10000, 10000, 10000, 10000, 10000, 10000]


Cluster Size: 7
Prob: 0.02
Actual Prob: 0.02
Num of Tests: 10000
Design len: 200


******* BMA ALG ********
Error rate BMA: 0.0008945
Succes rate BMA: 0.9913
SR histo BMA: 
[9913, 9913, 9931, 9932, 9934, 9935, 9937, 9938, 9942, 9943, 9946, 9946, 9949, 9949, 9958, 9958, 9961, 9962, 9962, 9962, 9965, 9966, 9967, 9969, 9970, 9970, 9972, 9972, 9975, 9975, 9976, 9977, 9983, 9983, 9984, 9985, 9986, 9987, 9989, 9989, 9989, 9989, 9989, 9990, 9992, 9992, 9993, 9993, 9993, 9994, 9995, 9995, 9995, 9995, 9995, 9995, 9995, 9995, 9996, 9996, 9996, 9996, 9996, 9996, 9996, 9996, 9996, 9998, 9998, 9998, 9998, 9998, 9998, 9998, 9998, 9998, 9998, 9998, 9998, 9999, 9999, 9999, 9999, 9999, 9999, 9999, 9999, 9999, 9999, 9999, 9999, 9999, 9999, 10000, 10000, 10000, 10000, 10000, 10000, 10000, 10000, 10000, 10000, 10000, 10000, 10000, 10000, 10000, 10000, 10000, 10000, 10000, 10000, 10000, 10000, 10000, 10000, 10000, 10000, 10000, 10000, 10000, 10000, 10000, 10000, 10000, 10000, 10000, 10000, 10000, 10000, 10000, 10000, 10000, 10000, 10000, 10000, 10000, 10000, 10000, 10000, 10000, 10000, 10000, 10000, 10000, 10000, 10000, 10000, 10000, 10000, 10000, 10000, 10000, 10000, 10000, 10000, 10000, 10000, 10000, 10000, 10000, 10000, 10000, 10000, 10000, 10000, 10000, 10000, 10000, 10000, 10000, 10000, 10000, 10000, 10000, 10000, 10000, 10000, 10000, 10000, 10000, 10000, 10000, 10000, 10000, 10000, 10000, 10000, 10000, 10000, 10000, 10000, 10000, 10000, 10000, 10000, 10000, 10000, 10000]


Cluster Size: 7
Prob: 0.03
Actual Prob: 0.03
Num of Tests: 10000
Design len: 200


******* BMA ALG ********
Error rate BMA: 0.003683
Succes rate BMA: 0.9617
SR histo BMA: 
[9617, 9617, 9701, 9704, 9731, 9736, 9750, 9752, 9765, 9768, 9787, 9789, 9803, 9807, 9817, 9820, 9836, 9841, 9849, 9851, 9858, 9861, 9871, 9874, 9886, 9887, 9896, 9898, 9903, 9906, 9911, 9917, 9922, 9928, 9934, 9935, 9939, 9941, 9943, 9944, 9946, 9949, 9953, 9953, 9956, 9956, 9958, 9959, 9962, 9963, 9965, 9967, 9969, 9972, 9974, 9975, 9976, 9980, 9981, 9984, 9984, 9986, 9986, 9987, 9988, 9989, 9991, 9992, 9993, 9994, 9994, 9994, 9994, 9994, 9995, 9995, 9996, 9996, 9998, 9998, 9998, 9999, 10000, 10000, 10000, 10000, 10000, 10000, 10000, 10000, 10000, 10000, 10000, 10000, 10000, 10000, 10000, 10000, 10000, 10000, 10000, 10000, 10000, 10000, 10000, 10000, 10000, 10000, 10000, 10000, 10000, 10000, 10000, 10000, 10000, 10000, 10000, 10000, 10000, 10000, 10000, 10000, 10000, 10000, 10000, 10000, 10000, 10000, 10000, 10000, 10000, 10000, 10000, 10000, 10000, 10000, 10000, 10000, 10000, 10000, 10000, 10000, 10000, 10000, 10000, 10000, 10000, 10000, 10000, 10000, 10000, 10000, 10000, 10000, 10000, 10000, 10000, 10000, 10000, 10000, 10000, 10000, 10000, 10000, 10000, 10000, 10000, 10000, 10000, 10000, 10000, 10000, 10000, 10000, 10000, 10000, 10000, 10000, 10000, 10000, 10000, 10000, 10000, 10000, 10000, 10000, 10000, 10000, 10000, 10000, 10000, 10000, 10000, 10000, 10000, 10000, 10000, 10000, 10000, 10000]


Cluster Size: 7
Prob: 0.04
Actual Prob: 0.04
Num of Tests: 10000
Design len: 200


******* BMA ALG ********
Error rate BMA: 0.010231
Succes rate BMA: 0.8996
SR histo BMA: 
[8996, 8996, 9213, 9221, 9287, 9298, 9351, 9360, 9401, 9409, 9441, 9447, 9474, 9479, 9518, 9521, 9544, 9552, 9578, 9586, 9610, 9615, 9637, 9653, 9670, 9673, 9692, 9700, 9717, 9728, 9742, 9752, 9764, 9768, 9779, 9786, 9795, 9804, 9820, 9824, 9833, 9837, 9851, 9858, 9864, 9868, 9875, 9884, 9888, 9895, 9906, 9911, 9915, 9918, 9919, 9923, 9929, 9936, 9940, 9940, 9941, 9943, 9952, 9955, 9959, 9965, 9968, 9973, 9973, 9975, 9979, 9982, 9985, 9985, 9988, 9989, 9992, 9993, 9994, 9994, 9995, 9995, 9995, 9996, 9996, 9996, 9996, 9997, 9998, 9999, 9999, 10000, 10000, 10000, 10000, 10000, 10000, 10000, 10000, 10000, 10000, 10000, 10000, 10000, 10000, 10000, 10000, 10000, 10000, 10000, 10000, 10000, 10000, 10000, 10000, 10000, 10000, 10000, 10000, 10000, 10000, 10000, 10000, 10000, 10000, 10000, 10000, 10000, 10000, 10000, 10000, 10000, 10000, 10000, 10000, 10000, 10000, 10000, 10000, 10000, 10000, 10000, 10000, 10000, 10000, 10000, 10000, 10000, 10000, 10000, 10000, 10000, 10000, 10000, 10000, 10000, 10000, 10000, 10000, 10000, 10000, 10000, 10000, 10000, 10000, 10000, 10000, 10000, 10000, 10000, 10000, 10000, 10000, 10000, 10000, 10000, 10000, 10000, 10000, 10000, 10000, 10000, 10000, 10000, 10000, 10000, 10000, 10000, 10000, 10000, 10000, 10000, 10000, 10000, 10000, 10000, 10000, 10000, 10000, 10000]


Cluster Size: 7
Prob: 0.05
Actual Prob: 0.05
Num of Tests: 10000
Design len: 200


******* BMA ALG ********
Error rate BMA: 0.023521
Succes rate BMA: 0.7943
SR histo BMA: 
[7943, 7944, 8289, 8305, 8436, 8455, 8574, 8594, 8676, 8689, 8753, 8778, 8841, 8862, 8920, 8941, 8990, 9011, 9046, 9065, 9113, 9127, 9169, 9186, 9220, 9234, 9285, 9304, 9342, 9357, 9396, 9416, 9447, 9467, 9485, 9503, 9523, 9539, 9563, 9572, 9600, 9608, 9623, 9637, 9657, 9672, 9690, 9700, 9717, 9724, 9733, 9746, 9760, 9772, 9783, 9793, 9804, 9811, 9821, 9831, 9839, 9853, 9857, 9874, 9883, 9888, 9889, 9895, 9908, 9915, 9922, 9924, 9931, 9938, 9945, 9948, 9956, 9961, 9968, 9971, 9976, 9980, 9982, 9985, 9987, 9990, 9990, 9992, 9993, 9994, 9994, 9996, 9997, 9998, 9998, 9999, 10000, 10000, 10000, 10000, 10000, 10000, 10000, 10000, 10000, 10000, 10000, 10000, 10000, 10000, 10000, 10000, 10000, 10000, 10000, 10000, 10000, 10000, 10000, 10000, 10000, 10000, 10000, 10000, 10000, 10000, 10000, 10000, 10000, 10000, 10000, 10000, 10000, 10000, 10000, 10000, 10000, 10000, 10000, 10000, 10000, 10000, 10000, 10000, 10000, 10000, 10000, 10000, 10000, 10000, 10000, 10000, 10000, 10000, 10000, 10000, 10000, 10000, 10000, 10000, 10000, 10000, 10000, 10000, 10000, 10000, 10000, 10000, 10000, 10000, 10000, 10000, 10000, 10000, 10000, 10000, 10000, 10000, 10000, 10000, 10000, 10000, 10000, 10000, 10000, 10000, 10000, 10000, 10000, 10000, 10000, 10000, 10000, 10000, 10000, 10000, 10000, 10000, 10000, 10000]


Cluster Size: 7
Prob: 0.06
Actual Prob: 0.06
Num of Tests: 10000
Design len: 200


******* BMA ALG ********
Error rate BMA: 0.0451315
Succes rate BMA: 0.6581
SR histo BMA: 
[6581, 6581, 7083, 7110, 7327, 7349, 7494, 7525, 7657, 7687, 7803, 7828, 7927, 7952, 8030, 8062, 8132, 8154, 8217, 8245, 8304, 8333, 8399, 8444, 8490, 8521, 8569, 8601, 8648, 8675, 8735, 8778, 8822, 8856, 8890, 8918, 8949, 8978, 9015, 9041, 9084, 9122, 9160, 9192, 9231, 9248, 9282, 9315, 9341, 9363, 9388, 9414, 9441, 9475, 9506, 9533, 9562, 9581, 9601, 9619, 9639, 9656, 9681, 9704, 9721, 9738, 9752, 9770, 9787, 9799, 9811, 9828, 9838, 9848, 9860, 9880, 9891, 9907, 9912, 9919, 9934, 9938, 9947, 9954, 9965, 9970, 9973, 9983, 9989, 9992, 9993, 9996, 9998, 9998, 9999, 9999, 10000, 10000, 10000, 10000, 10000, 10000, 10000, 10000, 10000, 10000, 10000, 10000, 10000, 10000, 10000, 10000, 10000, 10000, 10000, 10000, 10000, 10000, 10000, 10000, 10000, 10000, 10000, 10000, 10000, 10000, 10000, 10000, 10000, 10000, 10000, 10000, 10000, 10000, 10000, 10000, 10000, 10000, 10000, 10000, 10000, 10000, 10000, 10000, 10000, 10000, 10000, 10000, 10000, 10000, 10000, 10000, 10000, 10000, 10000, 10000, 10000, 10000, 10000, 10000, 10000, 10000, 10000, 10000, 10000, 10000, 10000, 10000, 10000, 10000, 10000, 10000, 10000, 10000, 10000, 10000, 10000, 10000, 10000, 10000, 10000, 10000, 10000, 10000, 10000, 10000, 10000, 10000, 10000, 10000, 10000, 10000, 10000, 10000, 10000, 10000, 10000, 10000, 10000, 10000]


Cluster Size: 7
Prob: 0.07
Actual Prob: 0.07
Num of Tests: 10000
Design len: 200


******* BMA ALG ********
Error rate BMA: 0.0700785
Succes rate BMA: 0.5152
SR histo BMA: 
[5152, 5152, 5782, 5819, 6103, 6142, 6347, 6373, 6550, 6592, 6729, 6770, 6893, 6945, 7063, 7100, 7195, 7230, 7316, 7351, 7443, 7480, 7563, 7600, 7678, 7737, 7821, 7866, 7915, 7958, 8025, 8071, 8141, 8178, 8231, 8267, 8327, 8360, 8421, 8452, 8504, 8545, 8603, 8641, 8690, 8727, 8777, 8823, 8870, 8912, 8947, 8988, 9029, 9068, 9110, 9144, 9187, 9225, 9263, 9293, 9326, 9376, 9399, 9424, 9455, 9480, 9518, 9551, 9585, 9612, 9646, 9686, 9713, 9736, 9754, 9775, 9793, 9813, 9828, 9845, 9856, 9866, 9885, 9901, 9909, 9926, 9939, 9945, 9957, 9966, 9975, 9978, 9985, 9987, 9989, 9992, 9995, 9998, 9998, 9998, 9999, 10000, 10000, 10000, 10000, 10000, 10000, 10000, 10000, 10000, 10000, 10000, 10000, 10000, 10000, 10000, 10000, 10000, 10000, 10000, 10000, 10000, 10000, 10000, 10000, 10000, 10000, 10000, 10000, 10000, 10000, 10000, 10000, 10000, 10000, 10000, 10000, 10000, 10000, 10000, 10000, 10000, 10000, 10000, 10000, 10000, 10000, 10000, 10000, 10000, 10000, 10000, 10000, 10000, 10000, 10000, 10000, 10000, 10000, 10000, 10000, 10000, 10000, 10000, 10000, 10000, 10000, 10000, 10000, 10000, 10000, 10000, 10000, 10000, 10000, 10000, 10000, 10000, 10000, 10000, 10000, 10000, 10000, 10000, 10000, 10000, 10000, 10000, 10000, 10000, 10000, 10000, 10000, 10000, 10000, 10000, 10000, 10000, 10000, 10000]


Cluster Size: 7
Prob: 0.08
Actual Prob: 0.08
Num of Tests: 10000
Design len: 200


******* BMA ALG ********
Error rate BMA: 0.106294
Succes rate BMA: 0.3489
SR histo BMA: 
[3489, 3489, 4157, 4185, 4522, 4573, 4794, 4854, 5054, 5104, 5242, 5290, 5447, 5506, 5630, 5695, 5824, 5888, 5996, 6052, 6146, 6196, 6294, 6350, 6452, 6515, 6607, 6675, 6768, 6822, 6909, 6969, 7044, 7117, 7198, 7261, 7340, 7398, 7476, 7524, 7596, 7660, 7744, 7821, 7894, 7944, 8014, 8070, 8139, 8195, 8250, 8302, 8369, 8443, 8517, 8589, 8639, 8697, 8769, 8832, 8872, 8931, 8980, 9033, 9078, 9132, 9184, 9241, 9285, 9333, 9378, 9431, 9480, 9521, 9554, 9594, 9624, 9653, 9686, 9720, 9753, 9786, 9812, 9831, 9853, 9876, 9892, 9909, 9928, 9939, 9950, 9956, 9965, 9973, 9980, 9986, 9990, 9993, 9996, 9998, 10000, 10000, 10000, 10000, 10000, 10000, 10000, 10000, 10000, 10000, 10000, 10000, 10000, 10000, 10000, 10000, 10000, 10000, 10000, 10000, 10000, 10000, 10000, 10000, 10000, 10000, 10000, 10000, 10000, 10000, 10000, 10000, 10000, 10000, 10000, 10000, 10000, 10000, 10000, 10000, 10000, 10000, 10000, 10000, 10000, 10000, 10000, 10000, 10000, 10000, 10000, 10000, 10000, 10000, 10000, 10000, 10000, 10000, 10000, 10000, 10000, 10000, 10000, 10000, 10000, 10000, 10000, 10000, 10000, 10000, 10000, 10000, 10000, 10000, 10000, 10000, 10000, 10000, 10000, 10000, 10000, 10000, 10000, 10000, 10000, 10000, 10000, 10000, 10000, 10000, 10000, 10000, 10000, 10000, 10000, 10000, 10000, 10000, 10000, 10000]


Cluster Size: 7
Prob: 0.09
Actual Prob: 0.09
Num of Tests: 10000
Design len: 200


******* BMA ALG ********
Error rate BMA: 0.141964
Succes rate BMA: 0.2279
SR histo BMA: 
[2279, 2279, 2895, 2934, 3255, 3308, 3539, 3576, 3776, 3837, 4001, 4060, 4204, 4263, 4405, 4456, 4579, 4648, 4782, 4868, 4978, 5034, 5132, 5215, 5326, 5401, 5499, 5576, 5659, 5734, 5828, 5898, 5986, 6064, 6158, 6228, 6312, 6401, 6481, 6556, 6633, 6709, 6797, 6878, 6969, 7054, 7130, 7211, 7302, 7364, 7445, 7547, 7631, 7721, 7793, 7894, 7968, 8053, 8124, 8203, 8282, 8359, 8447, 8532, 8610, 8677, 8752, 8809, 8858, 8931, 8998, 9073, 9129, 9180, 9252, 9309, 9367, 9402, 9457, 9526, 9581, 9618, 9662, 9693, 9748, 9781, 9816, 9847, 9881, 9903, 9927, 9945, 9955, 9969, 9982, 9990, 9995, 9997, 9998, 9999, 10000, 10000, 10000, 10000, 10000, 10000, 10000, 10000, 10000, 10000, 10000, 10000, 10000, 10000, 10000, 10000, 10000, 10000, 10000, 10000, 10000, 10000, 10000, 10000, 10000, 10000, 10000, 10000, 10000, 10000, 10000, 10000, 10000, 10000, 10000, 10000, 10000, 10000, 10000, 10000, 10000, 10000, 10000, 10000, 10000, 10000, 10000, 10000, 10000, 10000, 10000, 10000, 10000, 10000, 10000, 10000, 10000, 10000, 10000, 10000, 10000, 10000, 10000, 10000, 10000, 10000, 10000, 10000, 10000, 10000, 10000, 10000, 10000, 10000, 10000, 10000, 10000, 10000, 10000, 10000, 10000, 10000, 10000, 10000, 10000, 10000, 10000, 10000, 10000, 10000, 10000, 10000, 10000, 10000, 10000, 10000, 10000, 10000, 10000, 10000]


Cluster Size: 7
Prob: 0.1
Actual Prob: 0.1
Num of Tests: 10000
Design len: 200


******* BMA ALG ********
Error rate BMA: 0.183477
Succes rate BMA: 0.1258
SR histo BMA: 
[1258, 1258, 1733, 1758, 2041, 2086, 2307, 2349, 2532, 2594, 2743, 2793, 2921, 2988, 3109, 3181, 3314, 3384, 3503, 3575, 3677, 3732, 3851, 3926, 4032, 4100, 4203, 4292, 4398, 4484, 4581, 4664, 4753, 4837, 4944, 5024, 5121, 5198, 5292, 5397, 5479, 5559, 5662, 5749, 5861, 5966, 6049, 6134, 6234, 6330, 6443, 6539, 6624, 6729, 6841, 6962, 7038, 7133, 7236, 7337, 7440, 7546, 7660, 7752, 7862, 7965, 8073, 8171, 8270, 8370, 8488, 8565, 8650, 8753, 8835, 8935, 9004, 9078, 9149, 9238, 9311, 9374, 9446, 9520, 9587, 9646, 9694, 9737, 9777, 9828, 9873, 9898, 9918, 9927, 9948, 9972, 9981, 9988, 9993, 9994, 9996, 9998, 9999, 10000, 10000, 10000, 10000, 10000, 10000, 10000, 10000, 10000, 10000, 10000, 10000, 10000, 10000, 10000, 10000, 10000, 10000, 10000, 10000, 10000, 10000, 10000, 10000, 10000, 10000, 10000, 10000, 10000, 10000, 10000, 10000, 10000, 10000, 10000, 10000, 10000, 10000, 10000, 10000, 10000, 10000, 10000, 10000, 10000, 10000, 10000, 10000, 10000, 10000, 10000, 10000, 10000, 10000, 10000, 10000, 10000, 10000, 10000, 10000, 10000, 10000, 10000, 10000, 10000, 10000, 10000, 10000, 10000, 10000, 10000, 10000, 10000, 10000, 10000, 10000, 10000, 10000, 10000, 10000, 10000, 10000, 10000, 10000, 10000, 10000, 10000, 10000, 10000, 10000, 10000, 10000, 10000, 10000, 10000, 10000, 10000]




Time taken by function: 189942959 microseconds
