Cluster Size: 7
Prob: 0.1
Actual Prob: 0.1
Num of Tests: 10000
Design len: 100


******* BMA ALG ********
Error rate BMA: 0.100841
Succes rate BMA: 0.3545
SR histo BMA: 
[3545, 3545, 4618, 4680, 5219, 5311, 5679, 5790, 6095, 6216, 6444, 6552, 6747, 6854, 7047, 7138, 7322, 7431, 7574, 7701, 7854, 7995, 8123, 8223, 8357, 8464, 8581, 8701, 8818, 8912, 9041, 9146, 9242, 9335, 9421, 9483, 9571, 9631, 9699, 9754, 9811, 9848, 9883, 9913, 9939, 9958, 9973, 9985, 9992, 9998, 10000, 10000, 10000, 10000, 10000, 10000, 10000, 10000, 10000, 10000, 10000, 10000, 10000, 10000, 10000, 10000, 10000, 10000, 10000, 10000, 10000, 10000, 10000, 10000, 10000, 10000, 10000, 10000, 10000, 10000, 10000, 10000, 10000, 10000, 10000, 10000, 10000, 10000, 10000, 10000, 10000, 10000, 10000, 10000, 10000, 10000, 10000, 10000, 10000, 10000]


Cluster Size: 7
Prob: 0.11
Actual Prob: 0.11
Num of Tests: 10000
Design len: 100


******* BMA ALG ********
Error rate BMA: 0.124799
Succes rate BMA: 0.2623
SR histo BMA: 
[2623, 2623, 3632, 3712, 4251, 4361, 4741, 4850, 5169, 5292, 5577, 5725, 5946, 6067, 6302, 6433, 6638, 6765, 6945, 7076, 7257, 7417, 7586, 7731, 7885, 8019, 8155, 8300, 8424, 8567, 8710, 8829, 8947, 9056, 9179, 9283, 9392, 9483, 9569, 9660, 9739, 9792, 9844, 9880, 9914, 9946, 9963, 9977, 9984, 9992, 9996, 9997, 10000, 10000, 10000, 10000, 10000, 10000, 10000, 10000, 10000, 10000, 10000, 10000, 10000, 10000, 10000, 10000, 10000, 10000, 10000, 10000, 10000, 10000, 10000, 10000, 10000, 10000, 10000, 10000, 10000, 10000, 10000, 10000, 10000, 10000, 10000, 10000, 10000, 10000, 10000, 10000, 10000, 10000, 10000, 10000, 10000, 10000, 10000, 10000]


Cluster Size: 7
Prob: 0.12
Actual Prob: 0.12
Num of Tests: 10000
Design len: 100


******* BMA ALG ********
Error rate BMA: 0.151369
Succes rate BMA: 0.1827
SR histo BMA: 
[1827, 1828, 2705, 2779, 3298, 3413, 3798, 3915, 4262, 4397, 4670, 4821, 5062, 5205, 5419, 5573, 5783, 5958, 6172, 6330, 6573, 6760, 6955, 7120, 7280, 7415, 7607, 7785, 7954, 8092, 8253, 8414, 8573, 8706, 8892, 9022, 9158, 9296, 9419, 9521, 9624, 9698, 9771, 9842, 9891, 9916, 9949, 9972, 9984, 9990, 9994, 9995, 9997, 9999, 9999, 10000, 10000, 10000, 10000, 10000, 10000, 10000, 10000, 10000, 10000, 10000, 10000, 10000, 10000, 10000, 10000, 10000, 10000, 10000, 10000, 10000, 10000, 10000, 10000, 10000, 10000, 10000, 10000, 10000, 10000, 10000, 10000, 10000, 10000, 10000, 10000, 10000, 10000, 10000, 10000, 10000, 10000, 10000, 10000, 10000]


Cluster Size: 7
Prob: 0.13
Actual Prob: 0.13
Num of Tests: 10000
Design len: 100


******* BMA ALG ********
Error rate BMA: 0.180361
Succes rate BMA: 0.1151
SR histo BMA: 
[1151, 1151, 1872, 1949, 2407, 2517, 2883, 3004, 3291, 3436, 3700, 3856, 4092, 4248, 4503, 4675, 4894, 5095, 5325, 5523, 5728, 5909, 6134, 6324, 6554, 6766, 6965, 7153, 7356, 7528, 7730, 7943, 8131, 8333, 8534, 8686, 8848, 9015, 9190, 9319, 9451, 9557, 9665, 9750, 9819, 9876, 9916, 9946, 9968, 9986, 9993, 9996, 9999, 9999, 10000, 10000, 10000, 10000, 10000, 10000, 10000, 10000, 10000, 10000, 10000, 10000, 10000, 10000, 10000, 10000, 10000, 10000, 10000, 10000, 10000, 10000, 10000, 10000, 10000, 10000, 10000, 10000, 10000, 10000, 10000, 10000, 10000, 10000, 10000, 10000, 10000, 10000, 10000, 10000, 10000, 10000, 10000, 10000, 10000, 10000]


Cluster Size: 7
Prob: 0.14
Actual Prob: 0.14
Num of Tests: 10000
Design len: 100


******* BMA ALG ********
Error rate BMA: 0.206254
Succes rate BMA: 0.0703
SR histo BMA: 
[703, 703, 1254, 1302, 1673, 1757, 2093, 2216, 2495, 2628, 2878, 3003, 3229, 3409, 3641, 3829, 4062, 4240, 4493, 4670, 4897, 5123, 5356, 5579, 5816, 6063, 6316, 6552, 6795, 7025, 7290, 7504, 7721, 7974, 8181, 8374, 8590, 8766, 8968, 9128, 9287, 9455, 9585, 9695, 9775, 9852, 9907, 9946, 9967, 9988, 9996, 9997, 10000, 10000, 10000, 10000, 10000, 10000, 10000, 10000, 10000, 10000, 10000, 10000, 10000, 10000, 10000, 10000, 10000, 10000, 10000, 10000, 10000, 10000, 10000, 10000, 10000, 10000, 10000, 10000, 10000, 10000, 10000, 10000, 10000, 10000, 10000, 10000, 10000, 10000, 10000, 10000, 10000, 10000, 10000, 10000, 10000, 10000, 10000, 10000]


Cluster Size: 7
Prob: 0.15
Actual Prob: 0.15
Num of Tests: 10000
Design len: 100


******* BMA ALG ********
Error rate BMA: 0.229885
Succes rate BMA: 0.0437
SR histo BMA: 
[437, 438, 844, 892, 1199, 1267, 1518, 1632, 1866, 1994, 2210, 2345, 2575, 2724, 2935, 3110, 3337, 3502, 3754, 3945, 4174, 4391, 4623, 4864, 5097, 5364, 5637, 5874, 6129, 6378, 6658, 6913, 7205, 7474, 7732, 7983, 8226, 8477, 8718, 8952, 9127, 9313, 9461, 9606, 9719, 9789, 9868, 9927, 9951, 9980, 9990, 9994, 9998, 9999, 10000, 10000, 10000, 10000, 10000, 10000, 10000, 10000, 10000, 10000, 10000, 10000, 10000, 10000, 10000, 10000, 10000, 10000, 10000, 10000, 10000, 10000, 10000, 10000, 10000, 10000, 10000, 10000, 10000, 10000, 10000, 10000, 10000, 10000, 10000, 10000, 10000, 10000, 10000, 10000, 10000, 10000, 10000, 10000, 10000, 10000]


Cluster Size: 7
Prob: 0.16
Actual Prob: 0.16
Num of Tests: 10000
Design len: 100


******* BMA ALG ********
Error rate BMA: 0.253335
Succes rate BMA: 0.022
SR histo BMA: 
[220, 220, 482, 507, 754, 823, 999, 1085, 1276, 1377, 1555, 1673, 1876, 2022, 2234, 2397, 2594, 2793, 3006, 3202, 3433, 3655, 3911, 4155, 4411, 4646, 4912, 5181, 5489, 5768, 6050, 6373, 6682, 6997, 7288, 7563, 7856, 8119, 8411, 8674, 8938, 9170, 9362, 9510, 9637, 9748, 9841, 9896, 9941, 9968, 9990, 9997, 9999, 9999, 10000, 10000, 10000, 10000, 10000, 10000, 10000, 10000, 10000, 10000, 10000, 10000, 10000, 10000, 10000, 10000, 10000, 10000, 10000, 10000, 10000, 10000, 10000, 10000, 10000, 10000, 10000, 10000, 10000, 10000, 10000, 10000, 10000, 10000, 10000, 10000, 10000, 10000, 10000, 10000, 10000, 10000, 10000, 10000, 10000, 10000]


Cluster Size: 7
Prob: 0.17
Actual Prob: 0.17
Num of Tests: 10000
Design len: 100


******* BMA ALG ********
Error rate BMA: 0.27598
Succes rate BMA: 0.0114
SR histo BMA: 
[114, 114, 295, 302, 480, 533, 665, 740, 879, 952, 1096, 1201, 1366, 1498, 1651, 1784, 1969, 2140, 2320, 2530, 2715, 2911, 3122, 3372, 3608, 3871, 4158, 4446, 4715, 5022, 5328, 5670, 5999, 6335, 6687, 7028, 7365, 7696, 8064, 8395, 8682, 8924, 9153, 9355, 9517, 9676, 9802, 9891, 9941, 9969, 9983, 9993, 9998, 10000, 10000, 10000, 10000, 10000, 10000, 10000, 10000, 10000, 10000, 10000, 10000, 10000, 10000, 10000, 10000, 10000, 10000, 10000, 10000, 10000, 10000, 10000, 10000, 10000, 10000, 10000, 10000, 10000, 10000, 10000, 10000, 10000, 10000, 10000, 10000, 10000, 10000, 10000, 10000, 10000, 10000, 10000, 10000, 10000, 10000, 10000]


Cluster Size: 7
Prob: 0.18
Actual Prob: 0.18
Num of Tests: 10000
Design len: 100


******* BMA ALG ********
Error rate BMA: 0.293165
Succes rate BMA: 0.0062
SR histo BMA: 
[62, 62, 170, 178, 295, 321, 436, 478, 589, 656, 777, 867, 1015, 1135, 1263, 1396, 1544, 1671, 1839, 2024, 2207, 2403, 2600, 2834, 3080, 3338, 3596, 3899, 4187, 4482, 4809, 5158, 5505, 5851, 6226, 6595, 6932, 7313, 7655, 7994, 8302, 8621, 8900, 9172, 9407, 9589, 9734, 9854, 9913, 9950, 9974, 9982, 9995, 10000, 10000, 10000, 10000, 10000, 10000, 10000, 10000, 10000, 10000, 10000, 10000, 10000, 10000, 10000, 10000, 10000, 10000, 10000, 10000, 10000, 10000, 10000, 10000, 10000, 10000, 10000, 10000, 10000, 10000, 10000, 10000, 10000, 10000, 10000, 10000, 10000, 10000, 10000, 10000, 10000, 10000, 10000, 10000, 10000, 10000, 10000]


Cluster Size: 7
Prob: 0.19
Actual Prob: 0.19
Num of Tests: 10000
Design len: 100


******* BMA ALG ********
Error rate BMA: 0.309579
Succes rate BMA: 0.0031
SR histo BMA: 
[31, 31, 91, 100, 152, 170, 237, 277, 362, 414, 501, 555, 650, 732, 834, 935, 1065, 1193, 1341, 1500, 1675, 1833, 2030, 2259, 2512, 2758, 3014, 3276, 3571, 3869, 4203, 4551, 4901, 5270, 5710, 6121, 6542, 6969, 7403, 7819, 8172, 8525, 8847, 9110, 9360, 9558, 9725, 9842, 9917, 9952, 9976, 9990, 9994, 9997, 9999, 10000, 10000, 10000, 10000, 10000, 10000, 10000, 10000, 10000, 10000, 10000, 10000, 10000, 10000, 10000, 10000, 10000, 10000, 10000, 10000, 10000, 10000, 10000, 10000, 10000, 10000, 10000, 10000, 10000, 10000, 10000, 10000, 10000, 10000, 10000, 10000, 10000, 10000, 10000, 10000, 10000, 10000, 10000, 10000, 10000]




Time taken by function: 57367836 microseconds
