0


******* Matika ALG ********
Error rate Matika: 1.37061e-06
Succes rate Matika: 0.999792
SR histo Matika: 
[71985, 72000, 72000, 72000, 72000, 72000, 72000, 72000, 72000, 72000, 72000, 72000, 72000, 72000, 72000, 72000, 72000, 72000, 72000, 72000, 72000, 72000, 72000, 72000, 72000, 72000, 72000, 72000, 72000, 72000, 72000, 72000, 72000, 72000, 72000, 72000, 72000, 72000, 72000, 72000, 72000, 72000, 72000, 72000, 72000, 72000, 72000, 72000, 72000, 72000, 72000, 72000, 72000, 72000, 72000, 72000, 72000, 72000, 72000, 72000, 72000, 72000, 72000, 72000, 72000, 72000, 72000, 72000, 72000, 72000, 72000, 72000, 72000, 72000, 72000, 72000, 72000, 72000, 72000, 72000, 72000, 72000, 72000, 72000, 72000, 72000, 72000, 72000, 72000, 72000, 72000, 72000, 72000, 72000, 72000, 72000, 72000, 72000, 72000, 72000, 72000, 72000, 72000, 72000, 72000, 72000, 72000, 72000, 72000, 72000, 72000, 72000, 72000, 72000, 72000, 72000, 72000, 72000, 72000, 72000, 72000, 72000, 72000, 72000, 72000, 72000, 72000, 72000, 72000, 72000, 72000, 72000, 72000, 72000, 72000, 72000, 72000, 72000, 72000, 72000, 72000, 72000, 72000, 72000, 72000, 72000, 72000, 72000, 72000, 72000, 72000, 72000]


******* LOOKAHEAD ALG w2 ********
Error rate karin: 1.46199e-06
Succes rate karin: 0.999778
SR histo karin: 
[71984, 72000, 72000, 72000, 72000, 72000, 72000, 72000, 72000, 72000, 72000, 72000, 72000, 72000, 72000, 72000, 72000, 72000, 72000, 72000, 72000, 72000, 72000, 72000, 72000, 72000, 72000, 72000, 72000, 72000, 72000, 72000, 72000, 72000, 72000, 72000, 72000, 72000, 72000, 72000, 72000, 72000, 72000, 72000, 72000, 72000, 72000, 72000, 72000, 72000, 72000, 72000, 72000, 72000, 72000, 72000, 72000, 72000, 72000, 72000, 72000, 72000, 72000, 72000, 72000, 72000, 72000, 72000, 72000, 72000, 72000, 72000, 72000, 72000, 72000, 72000, 72000, 72000, 72000, 72000, 72000, 72000, 72000, 72000, 72000, 72000, 72000, 72000, 72000, 72000, 72000, 72000, 72000, 72000, 72000, 72000, 72000, 72000, 72000, 72000, 72000, 72000, 72000, 72000, 72000, 72000, 72000, 72000, 72000, 72000, 72000, 72000, 72000, 72000, 72000, 72000, 72000, 72000, 72000, 72000, 72000, 72000, 72000, 72000, 72000, 72000, 72000, 72000, 72000, 72000, 72000, 72000, 72000, 72000, 72000, 72000, 72000, 72000, 72000, 72000, 72000, 72000, 72000, 72000, 72000, 72000, 72000, 72000, 72000, 72000, 72000, 72000]


******* LOOKAHEAD ALG w3 ********
Error rate karin: 1.37061e-06
Succes rate karin: 0.999792
SR histo karin: 
[71985, 72000, 72000, 72000, 72000, 72000, 72000, 72000, 72000, 72000, 72000, 72000, 72000, 72000, 72000, 72000, 72000, 72000, 72000, 72000, 72000, 72000, 72000, 72000, 72000, 72000, 72000, 72000, 72000, 72000, 72000, 72000, 72000, 72000, 72000, 72000, 72000, 72000, 72000, 72000, 72000, 72000, 72000, 72000, 72000, 72000, 72000, 72000, 72000, 72000, 72000, 72000, 72000, 72000, 72000, 72000, 72000, 72000, 72000, 72000, 72000, 72000, 72000, 72000, 72000, 72000, 72000, 72000, 72000, 72000, 72000, 72000, 72000, 72000, 72000, 72000, 72000, 72000, 72000, 72000, 72000, 72000, 72000, 72000, 72000, 72000, 72000, 72000, 72000, 72000, 72000, 72000, 72000, 72000, 72000, 72000, 72000, 72000, 72000, 72000, 72000, 72000, 72000, 72000, 72000, 72000, 72000, 72000, 72000, 72000, 72000, 72000, 72000, 72000, 72000, 72000, 72000, 72000, 72000, 72000, 72000, 72000, 72000, 72000, 72000, 72000, 72000, 72000, 72000, 72000, 72000, 72000, 72000, 72000, 72000, 72000, 72000, 72000, 72000, 72000, 72000, 72000, 72000, 72000, 72000, 72000, 72000, 72000, 72000, 72000, 72000, 72000]


******* LOOKAHEAD ALG w4 ********
Error rate karin: 1.37061e-06
Succes rate karin: 0.999792
SR histo karin: 
[71985, 72000, 72000, 72000, 72000, 72000, 72000, 72000, 72000, 72000, 72000, 72000, 72000, 72000, 72000, 72000, 72000, 72000, 72000, 72000, 72000, 72000, 72000, 72000, 72000, 72000, 72000, 72000, 72000, 72000, 72000, 72000, 72000, 72000, 72000, 72000, 72000, 72000, 72000, 72000, 72000, 72000, 72000, 72000, 72000, 72000, 72000, 72000, 72000, 72000, 72000, 72000, 72000, 72000, 72000, 72000, 72000, 72000, 72000, 72000, 72000, 72000, 72000, 72000, 72000, 72000, 72000, 72000, 72000, 72000, 72000, 72000, 72000, 72000, 72000, 72000, 72000, 72000, 72000, 72000, 72000, 72000, 72000, 72000, 72000, 72000, 72000, 72000, 72000, 72000, 72000, 72000, 72000, 72000, 72000, 72000, 72000, 72000, 72000, 72000, 72000, 72000, 72000, 72000, 72000, 72000, 72000, 72000, 72000, 72000, 72000, 72000, 72000, 72000, 72000, 72000, 72000, 72000, 72000, 72000, 72000, 72000, 72000, 72000, 72000, 72000, 72000, 72000, 72000, 72000, 72000, 72000, 72000, 72000, 72000, 72000, 72000, 72000, 72000, 72000, 72000, 72000, 72000, 72000, 72000, 72000, 72000, 72000, 72000, 72000, 72000, 72000]


******* DAFNA RON ALG ********
Error rate DR: 1.46199e-06
Succes rate DR: 0.999778
SR histo DR: 
[71984, 72000, 72000, 72000, 72000, 72000, 72000, 72000, 72000, 72000, 72000, 72000, 72000, 72000, 72000, 72000, 72000, 72000, 72000, 72000, 72000, 72000, 72000, 72000, 72000, 72000, 72000, 72000, 72000, 72000, 72000, 72000, 72000, 72000, 72000, 72000, 72000, 72000, 72000, 72000, 72000, 72000, 72000, 72000, 72000, 72000, 72000, 72000, 72000, 72000, 72000, 72000, 72000, 72000, 72000, 72000, 72000, 72000, 72000, 72000, 72000, 72000, 72000, 72000, 72000, 72000, 72000, 72000, 72000, 72000, 72000, 72000, 72000, 72000, 72000, 72000, 72000, 72000, 72000, 72000, 72000, 72000, 72000, 72000, 72000, 72000, 72000, 72000, 72000, 72000, 72000, 72000, 72000, 72000, 72000, 72000, 72000, 72000, 72000, 72000, 72000, 72000, 72000, 72000, 72000, 72000, 72000, 72000, 72000, 72000, 72000, 72000, 72000, 72000, 72000, 72000, 72000, 72000, 72000, 72000, 72000, 72000, 72000, 72000, 72000, 72000, 72000, 72000, 72000, 72000, 72000, 72000, 72000, 72000, 72000, 72000, 72000, 72000, 72000, 72000, 72000, 72000, 72000, 72000, 72000, 72000, 72000, 72000, 72000, 72000, 72000, 72000]




Time taken by function: 6506800044 microseconds
